CBIR 0 0 1000
CBIR 0 1 1000
CBIR 0 2 1000
CBIR 0 3 823
CBIR 0 4 556
CBIR 0 5 208
CBIR 0 6 216
CBIR 0 7 158
CBIR 0 8 150
CBIR 0 9 155
CBIR 0 10 239
CBIR 0 11 197
CBIR 0 12 165
CBIR 0 13 161
CBIR 0 14 143
CBIR 0 15 231
CBIR 0 16 137
CBIR 0 17 178
CBIR 0 18 256
CBIR 0 19 192
CBIR 0 20 208
CBIR 0 21 282
CBIR 0 22 411
CBIR 0 23 234
CBIR 0 24 319
CBIR 0 25 144
CBIR 0 26 364
CBIR 0 27 339
CBIR 0 28 189
CBIR 0 29 310
CBIR 0 30 228
CBIR 0 31 291
CBIR 0 32 182
CBIR 0 33 124
CBIR 0 34 229
CBIR 0 35 249
CBIR 0 36 329
CBIR 0 37 329
CBIR 0 38 130
CBIR 0 39 279
CBIR 0 40 390
CBIR 0 41 322
CBIR 0 42 205
CBIR 0 43 149
CBIR 0 44 214
CBIR 0 45 109
CBIR 0 46 217
CBIR 0 47 375
CBIR 0 48 145
CBIR 0 49 261
CBIR 0 50 132
CBIR 0 51 188
CBIR 0 52 299
CBIR 0 53 221
CBIR 0 54 275
CBIR 0 55 171
CBIR 0 56 199
CBIR 0 57 160
CBIR 0 58 208
CBIR 0 59 260
CBIR 0 60 338
CBIR 0 61 80
CBIR 0 62 208
CBIR 0 63 385
CBIR 0 64 294
CBIR 0 65 338
CBIR 0 66 179
CBIR 0 67 220
CBIR 0 68 388
CBIR 0 69 211
CBIR 0 70 317
CBIR 0 71 209
CBIR 0 72 196
CBIR 0 73 362
CBIR 0 74 306
CBIR 0 75 232
CBIR 0 76 208
CBIR 0 77 141
CBIR 0 78 318
CBIR 0 79 269
CBIR 0 80 209
CBIR 0 81 199
CBIR 0 82 180
CBIR 0 83 258
CBIR 0 84 263
CBIR 0 85 335
CBIR 0 86 260
CBIR 0 87 158
CBIR 0 88 219
CBIR 0 89 200
CBIR 0 90 178
CBIR 0 91 159
CBIR 0 92 293
CBIR 0 93 266
CBIR 0 94 198
CBIR 0 95 220
CBIR 0 96 183
CBIR 0 97 215
CBIR 0 98 169
CBIR 0 99 358
UCB 0 0 1000
UCB 0 1 1000
UCB 0 2 1000
UCB 0 3 952
UCB 0 4 1000
UCB 0 5 199
UCB 0 6 443
UCB 0 7 182
UCB 0 8 245
UCB 0 9 207
UCB 0 10 119
UCB 0 11 196
UCB 0 12 196
UCB 0 13 233
UCB 0 14 209
UCB 0 15 173
UCB 0 16 205
UCB 0 17 99
UCB 0 18 153
UCB 0 19 197
UCB 0 20 277
UCB 0 21 248
UCB 0 22 149
UCB 0 23 179
UCB 0 24 109
UCB 0 25 254
UCB 0 26 306
UCB 0 27 109
UCB 0 28 167
UCB 0 29 113
UCB 0 30 325
UCB 0 31 299
UCB 0 32 171
UCB 0 33 205
UCB 0 34 456
UCB 0 35 224
UCB 0 36 130
UCB 0 37 268
UCB 0 38 283
UCB 0 39 233
UCB 0 40 292
UCB 0 41 269
UCB 0 42 159
UCB 0 43 470
UCB 0 44 195
UCB 0 45 145
UCB 0 46 208
UCB 0 47 440
UCB 0 48 327
UCB 0 49 238
UCB 0 50 248
UCB 0 51 191
UCB 0 52 199
UCB 0 53 257
UCB 0 54 331
UCB 0 55 207
UCB 0 56 209
UCB 0 57 193
UCB 0 58 251
UCB 0 59 183
UCB 0 60 161
UCB 0 61 227
UCB 0 62 219
UCB 0 63 207
UCB 0 64 192
UCB 0 65 213
UCB 0 66 384
UCB 0 67 71
UCB 0 68 244
UCB 0 69 313
UCB 0 70 299
UCB 0 71 200
UCB 0 72 229
UCB 0 73 98
UCB 0 74 189
UCB 0 75 238
UCB 0 76 399
UCB 0 77 309
UCB 0 78 234
UCB 0 79 375
UCB 0 80 189
UCB 0 81 315
UCB 0 82 222
UCB 0 83 249
UCB 0 84 341
UCB 0 85 216
UCB 0 86 220
UCB 0 87 219
UCB 0 88 440
UCB 0 89 273
UCB 0 90 414
UCB 0 91 173
UCB 0 92 350
UCB 0 93 254
UCB 0 94 214
UCB 0 95 564
UCB 0 96 449
UCB 0 97 460
UCB 0 98 238
UCB 0 99 159
CBIR 1 0 1000
CBIR 1 1 1000
CBIR 1 2 1000
CBIR 1 3 1000
CBIR 1 4 1000
CBIR 1 5 1000
CBIR 1 6 390
CBIR 1 7 240
CBIR 1 8 199
CBIR 1 9 170
CBIR 1 10 191
CBIR 1 11 198
CBIR 1 12 147
CBIR 1 13 143
CBIR 1 14 175
CBIR 1 15 137
CBIR 1 16 250
CBIR 1 17 174
CBIR 1 18 146
CBIR 1 19 278
CBIR 1 20 138
CBIR 1 21 249
CBIR 1 22 360
CBIR 1 23 188
CBIR 1 24 145
CBIR 1 25 107
CBIR 1 26 285
CBIR 1 27 322
CBIR 1 28 257
CBIR 1 29 178
CBIR 1 30 196
CBIR 1 31 412
CBIR 1 32 144
CBIR 1 33 295
CBIR 1 34 463
CBIR 1 35 272
CBIR 1 36 151
CBIR 1 37 148
CBIR 1 38 120
CBIR 1 39 197
CBIR 1 40 303
CBIR 1 41 137
CBIR 1 42 226
CBIR 1 43 123
CBIR 1 44 160
CBIR 1 45 258
CBIR 1 46 149
CBIR 1 47 218
CBIR 1 48 175
CBIR 1 49 205
CBIR 1 50 151
CBIR 1 51 215
CBIR 1 52 270
CBIR 1 53 179
CBIR 1 54 358
CBIR 1 55 319
CBIR 1 56 328
CBIR 1 57 231
CBIR 1 58 408
CBIR 1 59 279
CBIR 1 60 261
CBIR 1 61 210
CBIR 1 62 206
CBIR 1 63 387
CBIR 1 64 291
CBIR 1 65 219
CBIR 1 66 358
CBIR 1 67 184
CBIR 1 68 146
CBIR 1 69 138
CBIR 1 70 169
CBIR 1 71 270
CBIR 1 72 178
CBIR 1 73 229
CBIR 1 74 197
CBIR 1 75 167
CBIR 1 76 253
CBIR 1 77 243
CBIR 1 78 327
CBIR 1 79 190
CBIR 1 80 271
CBIR 1 81 294
CBIR 1 82 319
CBIR 1 83 189
CBIR 1 84 269
CBIR 1 85 296
CBIR 1 86 452
CBIR 1 87 229
CBIR 1 88 235
CBIR 1 89 234
CBIR 1 90 238
CBIR 1 91 261
CBIR 1 92 337
CBIR 1 93 341
CBIR 1 94 243
CBIR 1 95 443
CBIR 1 96 189
CBIR 1 97 199
CBIR 1 98 189
CBIR 1 99 190
UCB 1 0 1000
UCB 1 1 1000
UCB 1 2 1000
UCB 1 3 1000
UCB 1 4 1000
UCB 1 5 1000
UCB 1 6 1000
UCB 1 7 194
UCB 1 8 702
UCB 1 9 227
UCB 1 10 92
UCB 1 11 84
UCB 1 12 251
UCB 1 13 301
UCB 1 14 69
UCB 1 15 193
UCB 1 16 150
UCB 1 17 180
UCB 1 18 237
UCB 1 19 258
UCB 1 20 128
UCB 1 21 115
UCB 1 22 219
UCB 1 23 214
UCB 1 24 143
UCB 1 25 168
UCB 1 26 232
UCB 1 27 203
UCB 1 28 160
UCB 1 29 299
UCB 1 30 299
UCB 1 31 422
UCB 1 32 148
UCB 1 33 206
UCB 1 34 250
UCB 1 35 181
UCB 1 36 325
UCB 1 37 211
UCB 1 38 241
UCB 1 39 337
UCB 1 40 123
UCB 1 41 195
UCB 1 42 317
UCB 1 43 226
UCB 1 44 384
UCB 1 45 328
UCB 1 46 343
UCB 1 47 176
UCB 1 48 190
UCB 1 49 161
UCB 1 50 247
UCB 1 51 357
UCB 1 52 266
UCB 1 53 175
UCB 1 54 213
UCB 1 55 245
UCB 1 56 340
UCB 1 57 329
UCB 1 58 157
UCB 1 59 196
UCB 1 60 190
UCB 1 61 309
UCB 1 62 369
UCB 1 63 237
UCB 1 64 227
UCB 1 65 407
UCB 1 66 268
UCB 1 67 223
UCB 1 68 152
UCB 1 69 291
UCB 1 70 120
UCB 1 71 368
UCB 1 72 298
UCB 1 73 313
UCB 1 74 154
UCB 1 75 171
UCB 1 76 283
UCB 1 77 190
UCB 1 78 197
UCB 1 79 292
UCB 1 80 232
UCB 1 81 185
UCB 1 82 184
UCB 1 83 128
UCB 1 84 355
UCB 1 85 192
UCB 1 86 250
UCB 1 87 195
UCB 1 88 303
UCB 1 89 214
UCB 1 90 154
UCB 1 91 119
UCB 1 92 178
UCB 1 93 259
UCB 1 94 119
UCB 1 95 289
UCB 1 96 256
UCB 1 97 190
UCB 1 98 281
UCB 1 99 274
CBIR 2 0 1000
CBIR 2 1 1000
CBIR 2 2 1000
CBIR 2 3 1000
CBIR 2 4 1000
CBIR 2 5 1000
CBIR 2 6 525
CBIR 2 7 962
CBIR 2 8 161
CBIR 2 9 220
CBIR 2 10 199
CBIR 2 11 109
CBIR 2 12 265
CBIR 2 13 284
CBIR 2 14 208
CBIR 2 15 161
CBIR 2 16 166
CBIR 2 17 229
CBIR 2 18 189
CBIR 2 19 188
CBIR 2 20 120
CBIR 2 21 145
CBIR 2 22 293
CBIR 2 23 249
CBIR 2 24 153
CBIR 2 25 225
CBIR 2 26 229
CBIR 2 27 219
CBIR 2 28 171
CBIR 2 29 268
CBIR 2 30 298
CBIR 2 31 211
CBIR 2 32 209
CBIR 2 33 222
CBIR 2 34 283
CBIR 2 35 95
CBIR 2 36 204
CBIR 2 37 154
CBIR 2 38 284
CBIR 2 39 89
CBIR 2 40 339
CBIR 2 41 249
CBIR 2 42 429
CBIR 2 43 179
CBIR 2 44 249
CBIR 2 45 203
CBIR 2 46 168
CBIR 2 47 246
CBIR 2 48 219
CBIR 2 49 219
CBIR 2 50 219
CBIR 2 51 259
CBIR 2 52 319
CBIR 2 53 329
CBIR 2 54 209
CBIR 2 55 229
CBIR 2 56 416
CBIR 2 57 252
CBIR 2 58 381
CBIR 2 59 327
CBIR 2 60 266
CBIR 2 61 242
CBIR 2 62 171
CBIR 2 63 147
CBIR 2 64 200
CBIR 2 65 129
CBIR 2 66 169
CBIR 2 67 244
CBIR 2 68 247
CBIR 2 69 215
CBIR 2 70 99
CBIR 2 71 289
CBIR 2 72 299
CBIR 2 73 309
CBIR 2 74 299
CBIR 2 75 151
CBIR 2 76 267
CBIR 2 77 199
CBIR 2 78 109
CBIR 2 79 201
CBIR 2 80 268
CBIR 2 81 261
CBIR 2 82 186
CBIR 2 83 291
CBIR 2 84 227
CBIR 2 85 178
CBIR 2 86 170
CBIR 2 87 200
CBIR 2 88 108
CBIR 2 89 169
CBIR 2 90 216
CBIR 2 91 152
CBIR 2 92 243
CBIR 2 93 126
CBIR 2 94 228
CBIR 2 95 174
CBIR 2 96 524
CBIR 2 97 159
CBIR 2 98 141
CBIR 2 99 188
UCB 2 0 1000
UCB 2 1 1000
UCB 2 2 1000
UCB 2 3 1000
UCB 2 4 1000
UCB 2 5 1000
UCB 2 6 1000
UCB 2 7 1000
UCB 2 8 1000
UCB 2 9 1000
UCB 2 10 1000
UCB 2 11 677
UCB 2 12 579
UCB 2 13 94
UCB 2 14 258
UCB 2 15 173
UCB 2 16 285
UCB 2 17 300
UCB 2 18 209
UCB 2 19 261
UCB 2 20 149
UCB 2 21 287
UCB 2 22 167
UCB 2 23 208
UCB 2 24 200
UCB 2 25 262
UCB 2 26 261
UCB 2 27 154
UCB 2 28 302
UCB 2 29 141
UCB 2 30 229
UCB 2 31 775
UCB 2 32 168
UCB 2 33 264
UCB 2 34 186
UCB 2 35 147
UCB 2 36 210
UCB 2 37 219
UCB 2 38 256
UCB 2 39 199
UCB 2 40 191
UCB 2 41 264
UCB 2 42 272
UCB 2 43 270
UCB 2 44 343
UCB 2 45 179
UCB 2 46 236
UCB 2 47 419
UCB 2 48 223
UCB 2 49 170
UCB 2 50 282
UCB 2 51 244
UCB 2 52 281
UCB 2 53 276
UCB 2 54 220
UCB 2 55 186
UCB 2 56 211
UCB 2 57 234
UCB 2 58 223
UCB 2 59 191
UCB 2 60 226
UCB 2 61 181
UCB 2 62 268
UCB 2 63 230
UCB 2 64 217
UCB 2 65 202
UCB 2 66 384
UCB 2 67 200
UCB 2 68 410
UCB 2 69 193
UCB 2 70 228
UCB 2 71 284
UCB 2 72 252
UCB 2 73 248
UCB 2 74 234
UCB 2 75 254
UCB 2 76 271
UCB 2 77 199
UCB 2 78 222
UCB 2 79 264
UCB 2 80 289
UCB 2 81 227
UCB 2 82 315
UCB 2 83 375
UCB 2 84 315
UCB 2 85 194
UCB 2 86 210
UCB 2 87 267
UCB 2 88 389
UCB 2 89 140
UCB 2 90 333
UCB 2 91 193
UCB 2 92 312
UCB 2 93 248
UCB 2 94 261
UCB 2 95 129
UCB 2 96 182
UCB 2 97 345
UCB 2 98 277
UCB 2 99 140
CBIR 3 0 1000
CBIR 3 1 1000
CBIR 3 2 1000
CBIR 3 3 1000
CBIR 3 4 1000
CBIR 3 5 1000
CBIR 3 6 1000
CBIR 3 7 1000
CBIR 3 8 1000
CBIR 3 9 1000
CBIR 3 10 1000
CBIR 3 11 1000
CBIR 3 12 651
CBIR 3 13 1000
CBIR 3 14 259
CBIR 3 15 269
CBIR 3 16 289
CBIR 3 17 178
CBIR 3 18 139
CBIR 3 19 235
CBIR 3 20 353
CBIR 3 21 279
CBIR 3 22 189
CBIR 3 23 190
CBIR 3 24 212
CBIR 3 25 255
CBIR 3 26 210
CBIR 3 27 171
CBIR 3 28 216
CBIR 3 29 248
CBIR 3 30 290
CBIR 3 31 240
CBIR 3 32 238
CBIR 3 33 199
CBIR 3 34 217
CBIR 3 35 331
CBIR 3 36 140
CBIR 3 37 136
CBIR 3 38 171
CBIR 3 39 309
CBIR 3 40 379
CBIR 3 41 139
CBIR 3 42 239
CBIR 3 43 311
CBIR 3 44 227
CBIR 3 45 102
CBIR 3 46 276
CBIR 3 47 206
CBIR 3 48 222
CBIR 3 49 204
CBIR 3 50 184
CBIR 3 51 289
CBIR 3 52 109
CBIR 3 53 359
CBIR 3 54 259
CBIR 3 55 319
CBIR 3 56 279
CBIR 3 57 206
CBIR 3 58 302
CBIR 3 59 169
CBIR 3 60 131
CBIR 3 61 217
CBIR 3 62 264
CBIR 3 63 156
CBIR 3 64 152
CBIR 3 65 154
CBIR 3 66 132
CBIR 3 67 186
CBIR 3 68 219
CBIR 3 69 320
CBIR 3 70 240
CBIR 3 71 297
CBIR 3 72 219
CBIR 3 73 135
CBIR 3 74 263
CBIR 3 75 210
CBIR 3 76 199
CBIR 3 77 348
CBIR 3 78 271
CBIR 3 79 299
CBIR 3 80 347
CBIR 3 81 141
CBIR 3 82 217
CBIR 3 83 181
CBIR 3 84 227
CBIR 3 85 179
CBIR 3 86 289
CBIR 3 87 196
CBIR 3 88 252
CBIR 3 89 169
CBIR 3 90 251
CBIR 3 91 312
CBIR 3 92 184
CBIR 3 93 249
CBIR 3 94 259
CBIR 3 95 351
CBIR 3 96 199
CBIR 3 97 262
CBIR 3 98 204
CBIR 3 99 247
UCB 3 0 1000
UCB 3 1 772
UCB 3 2 1000
UCB 3 3 633
UCB 3 4 357
UCB 3 5 164
UCB 3 6 131
UCB 3 7 118
UCB 3 8 131
UCB 3 9 160
UCB 3 10 168
UCB 3 11 228
UCB 3 12 237
UCB 3 13 141
UCB 3 14 120
UCB 3 15 259
UCB 3 16 237
UCB 3 17 275
UCB 3 18 211
UCB 3 19 271
UCB 3 20 285
UCB 3 21 206
UCB 3 22 274
UCB 3 23 325
UCB 3 24 175
UCB 3 25 311
UCB 3 26 284
UCB 3 27 263
UCB 3 28 348
UCB 3 29 260
UCB 3 30 189
UCB 3 31 140
UCB 3 32 188
UCB 3 33 119
UCB 3 34 221
UCB 3 35 364
UCB 3 36 364
UCB 3 37 206
UCB 3 38 145
UCB 3 39 285
UCB 3 40 169
UCB 3 41 310
UCB 3 42 413
UCB 3 43 343
UCB 3 44 196
UCB 3 45 440
UCB 3 46 360
UCB 3 47 279
UCB 3 48 290
UCB 3 49 380
UCB 3 50 127
UCB 3 51 262
UCB 3 52 305
UCB 3 53 192
UCB 3 54 189
UCB 3 55 278
UCB 3 56 185
UCB 3 57 132
UCB 3 58 369
UCB 3 59 325
UCB 3 60 218
UCB 3 61 225
UCB 3 62 196
UCB 3 63 195
UCB 3 64 255
UCB 3 65 209
UCB 3 66 280
UCB 3 67 239
UCB 3 68 508
UCB 3 69 334
UCB 3 70 324
UCB 3 71 276
UCB 3 72 235
UCB 3 73 246
UCB 3 74 304
UCB 3 75 276
UCB 3 76 157
UCB 3 77 141
UCB 3 78 150
UCB 3 79 266
UCB 3 80 320
UCB 3 81 188
UCB 3 82 221
UCB 3 83 153
UCB 3 84 252
UCB 3 85 230
UCB 3 86 213
UCB 3 87 160
UCB 3 88 344
UCB 3 89 279
UCB 3 90 241
UCB 3 91 287
UCB 3 92 203
UCB 3 93 200
UCB 3 94 118
UCB 3 95 195
UCB 3 96 162
UCB 3 97 398
UCB 3 98 397
UCB 3 99 230
CBIR 4 0 1000
CBIR 4 1 1000
CBIR 4 2 1000
CBIR 4 3 1000
CBIR 4 4 1000
CBIR 4 5 1000
CBIR 4 6 1000
CBIR 4 7 1000
CBIR 4 8 1000
CBIR 4 9 1000
CBIR 4 10 1000
CBIR 4 11 1000
CBIR 4 12 1000
CBIR 4 13 1000
CBIR 4 14 1000
CBIR 4 15 1000
CBIR 4 16 1000
CBIR 4 17 1000
CBIR 4 18 1000
CBIR 4 19 1000
CBIR 4 20 470
CBIR 4 21 817
CBIR 4 22 662
CBIR 4 23 550
CBIR 4 24 261
CBIR 4 25 195
CBIR 4 26 190
CBIR 4 27 187
CBIR 4 28 193
CBIR 4 29 316
CBIR 4 30 186
CBIR 4 31 282
CBIR 4 32 180
CBIR 4 33 159
CBIR 4 34 298
CBIR 4 35 161
CBIR 4 36 277
CBIR 4 37 221
CBIR 4 38 190
CBIR 4 39 266
CBIR 4 40 209
CBIR 4 41 203
CBIR 4 42 135
CBIR 4 43 306
CBIR 4 44 322
CBIR 4 45 209
CBIR 4 46 249
CBIR 4 47 159
CBIR 4 48 300
CBIR 4 49 226
CBIR 4 50 161
CBIR 4 51 152
CBIR 4 52 178
CBIR 4 53 188
CBIR 4 54 331
CBIR 4 55 168
CBIR 4 56 187
CBIR 4 57 249
CBIR 4 58 279
CBIR 4 59 146
CBIR 4 60 214
CBIR 4 61 197
CBIR 4 62 250
CBIR 4 63 329
CBIR 4 64 168
CBIR 4 65 220
CBIR 4 66 134
CBIR 4 67 336
CBIR 4 68 206
CBIR 4 69 187
CBIR 4 70 291
CBIR 4 71 150
CBIR 4 72 279
CBIR 4 73 248
CBIR 4 74 327
CBIR 4 75 161
CBIR 4 76 70
CBIR 4 77 286
CBIR 4 78 211
CBIR 4 79 179
CBIR 4 80 159
CBIR 4 81 129
CBIR 4 82 189
CBIR 4 83 169
CBIR 4 84 162
CBIR 4 85 207
CBIR 4 86 188
CBIR 4 87 272
CBIR 4 88 167
CBIR 4 89 268
CBIR 4 90 209
CBIR 4 91 219
CBIR 4 92 350
CBIR 4 93 300
CBIR 4 94 149
CBIR 4 95 177
CBIR 4 96 160
CBIR 4 97 422
CBIR 4 98 156
CBIR 4 99 200
UCB 4 0 1000
UCB 4 1 1000
UCB 4 2 1000
UCB 4 3 1000
UCB 4 4 1000
UCB 4 5 1000
UCB 4 6 1000
UCB 4 7 1000
UCB 4 8 1000
UCB 4 9 1000
UCB 4 10 1000
UCB 4 11 1000
UCB 4 12 1000
UCB 4 13 1000
UCB 4 14 1000
UCB 4 15 1000
UCB 4 16 1000
UCB 4 17 1000
UCB 4 18 1000
UCB 4 19 1000
UCB 4 20 1000
UCB 4 21 1000
UCB 4 22 1000
UCB 4 23 1000
UCB 4 24 1000
UCB 4 25 1000
UCB 4 26 1000
UCB 4 27 671
UCB 4 28 1000
UCB 4 29 103
UCB 4 30 376
UCB 4 31 116
UCB 4 32 228
UCB 4 33 233
UCB 4 34 200
UCB 4 35 208
UCB 4 36 236
UCB 4 37 180
UCB 4 38 239
UCB 4 39 161
UCB 4 40 269
UCB 4 41 347
UCB 4 42 292
UCB 4 43 258
UCB 4 44 290
UCB 4 45 297
UCB 4 46 254
UCB 4 47 192
UCB 4 48 370
UCB 4 49 149
UCB 4 50 403
UCB 4 51 249
UCB 4 52 196
UCB 4 53 258
UCB 4 54 102
UCB 4 55 459
UCB 4 56 182
UCB 4 57 245
UCB 4 58 204
UCB 4 59 126
UCB 4 60 146
UCB 4 61 261
UCB 4 62 217
UCB 4 63 191
UCB 4 64 213
UCB 4 65 272
UCB 4 66 200
UCB 4 67 169
UCB 4 68 168
UCB 4 69 132
UCB 4 70 228
UCB 4 71 263
UCB 4 72 164
UCB 4 73 219
UCB 4 74 291
UCB 4 75 300
UCB 4 76 305
UCB 4 77 202
UCB 4 78 216
UCB 4 79 200
UCB 4 80 277
UCB 4 81 264
UCB 4 82 286
UCB 4 83 230
UCB 4 84 317
UCB 4 85 279
UCB 4 86 339
UCB 4 87 269
UCB 4 88 159
UCB 4 89 259
UCB 4 90 199
UCB 4 91 262
UCB 4 92 366
UCB 4 93 229
UCB 4 94 189
UCB 4 95 263
UCB 4 96 245
UCB 4 97 230
UCB 4 98 218
UCB 4 99 64
CBIR 5 0 1000
CBIR 5 1 1000
CBIR 5 2 1000
CBIR 5 3 1000
CBIR 5 4 1000
CBIR 5 5 1000
CBIR 5 6 1000
CBIR 5 7 1000
CBIR 5 8 1000
CBIR 5 9 1000
CBIR 5 10 1000
CBIR 5 11 400
CBIR 5 12 399
CBIR 5 13 181
CBIR 5 14 293
CBIR 5 15 247
CBIR 5 16 167
CBIR 5 17 73
CBIR 5 18 194
CBIR 5 19 224
CBIR 5 20 203
CBIR 5 21 289
CBIR 5 22 257
CBIR 5 23 155
CBIR 5 24 156
CBIR 5 25 218
CBIR 5 26 200
CBIR 5 27 178
CBIR 5 28 119
CBIR 5 29 279
CBIR 5 30 309
CBIR 5 31 80
CBIR 5 32 252
CBIR 5 33 277
CBIR 5 34 270
CBIR 5 35 280
CBIR 5 36 176
CBIR 5 37 359
CBIR 5 38 84
CBIR 5 39 273
CBIR 5 40 172
CBIR 5 41 256
CBIR 5 42 229
CBIR 5 43 133
CBIR 5 44 325
CBIR 5 45 323
CBIR 5 46 218
CBIR 5 47 226
CBIR 5 48 319
CBIR 5 49 209
CBIR 5 50 272
CBIR 5 51 87
CBIR 5 52 168
CBIR 5 53 149
CBIR 5 54 234
CBIR 5 55 165
CBIR 5 56 138
CBIR 5 57 125
CBIR 5 58 353
CBIR 5 59 169
CBIR 5 60 179
CBIR 5 61 299
CBIR 5 62 328
CBIR 5 63 246
CBIR 5 64 234
CBIR 5 65 338
CBIR 5 66 289
CBIR 5 67 209
CBIR 5 68 249
CBIR 5 69 247
CBIR 5 70 231
CBIR 5 71 280
CBIR 5 72 368
CBIR 5 73 299
CBIR 5 74 300
CBIR 5 75 218
CBIR 5 76 245
CBIR 5 77 114
CBIR 5 78 219
CBIR 5 79 328
CBIR 5 80 149
CBIR 5 81 380
CBIR 5 82 218
CBIR 5 83 152
CBIR 5 84 147
CBIR 5 85 218
CBIR 5 86 332
CBIR 5 87 278
CBIR 5 88 370
CBIR 5 89 256
CBIR 5 90 279
CBIR 5 91 299
CBIR 5 92 139
CBIR 5 93 404
CBIR 5 94 176
CBIR 5 95 337
CBIR 5 96 179
CBIR 5 97 149
CBIR 5 98 269
CBIR 5 99 333
UCB 5 0 1000
UCB 5 1 1000
UCB 5 2 1000
UCB 5 3 623
UCB 5 4 539
UCB 5 5 207
UCB 5 6 303
UCB 5 7 257
UCB 5 8 142
UCB 5 9 192
UCB 5 10 143
UCB 5 11 152
UCB 5 12 181
UCB 5 13 243
UCB 5 14 227
UCB 5 15 237
UCB 5 16 224
UCB 5 17 181
UCB 5 18 210
UCB 5 19 191
UCB 5 20 201
UCB 5 21 231
UCB 5 22 177
UCB 5 23 96
UCB 5 24 250
UCB 5 25 261
UCB 5 26 150
UCB 5 27 279
UCB 5 28 212
UCB 5 29 166
UCB 5 30 210
UCB 5 31 119
UCB 5 32 171
UCB 5 33 205
UCB 5 34 324
UCB 5 35 124
UCB 5 36 231
UCB 5 37 347
UCB 5 38 299
UCB 5 39 233
UCB 5 40 169
UCB 5 41 225
UCB 5 42 249
UCB 5 43 299
UCB 5 44 219
UCB 5 45 250
UCB 5 46 488
UCB 5 47 289
UCB 5 48 230
UCB 5 49 152
UCB 5 50 176
UCB 5 51 188
UCB 5 52 234
UCB 5 53 290
UCB 5 54 133
UCB 5 55 330
UCB 5 56 239
UCB 5 57 208
UCB 5 58 210
UCB 5 59 218
UCB 5 60 139
UCB 5 61 197
UCB 5 62 271
UCB 5 63 140
UCB 5 64 238
UCB 5 65 219
UCB 5 66 225
UCB 5 67 243
UCB 5 68 231
UCB 5 69 241
UCB 5 70 329
UCB 5 71 157
UCB 5 72 218
UCB 5 73 119
UCB 5 74 158
UCB 5 75 229
UCB 5 76 181
UCB 5 77 266
UCB 5 78 221
UCB 5 79 299
UCB 5 80 170
UCB 5 81 287
UCB 5 82 120
UCB 5 83 320
UCB 5 84 237
UCB 5 85 364
UCB 5 86 214
UCB 5 87 328
UCB 5 88 162
UCB 5 89 247
UCB 5 90 190
UCB 5 91 170
UCB 5 92 379
UCB 5 93 247
UCB 5 94 349
UCB 5 95 459
UCB 5 96 644
UCB 5 97 505
UCB 5 98 447
UCB 5 99 341
CBIR 6 0 1000
CBIR 6 1 1000
CBIR 6 2 1000
CBIR 6 3 1000
CBIR 6 4 1000
CBIR 6 5 1000
CBIR 6 6 1000
CBIR 6 7 1000
CBIR 6 8 1000
CBIR 6 9 1000
CBIR 6 10 1000
CBIR 6 11 1000
CBIR 6 12 1000
CBIR 6 13 1000
CBIR 6 14 1000
CBIR 6 15 1000
CBIR 6 16 1000
CBIR 6 17 1000
CBIR 6 18 1000
CBIR 6 19 1000
CBIR 6 20 1000
CBIR 6 21 1000
CBIR 6 22 956
CBIR 6 23 566
CBIR 6 24 161
CBIR 6 25 171
CBIR 6 26 75
CBIR 6 27 276
CBIR 6 28 112
CBIR 6 29 200
CBIR 6 30 96
CBIR 6 31 153
CBIR 6 32 184
CBIR 6 33 180
CBIR 6 34 264
CBIR 6 35 354
CBIR 6 36 220
CBIR 6 37 120
CBIR 6 38 218
CBIR 6 39 237
CBIR 6 40 299
CBIR 6 41 130
CBIR 6 42 110
CBIR 6 43 137
CBIR 6 44 210
CBIR 6 45 118
CBIR 6 46 169
CBIR 6 47 142
CBIR 6 48 316
CBIR 6 49 249
CBIR 6 50 339
CBIR 6 51 199
CBIR 6 52 227
CBIR 6 53 251
CBIR 6 54 220
CBIR 6 55 148
CBIR 6 56 189
CBIR 6 57 171
CBIR 6 58 127
CBIR 6 59 149
CBIR 6 60 152
CBIR 6 61 376
CBIR 6 62 124
CBIR 6 63 207
CBIR 6 64 248
CBIR 6 65 69
CBIR 6 66 118
CBIR 6 67 300
CBIR 6 68 158
CBIR 6 69 188
CBIR 6 70 236
CBIR 6 71 172
CBIR 6 72 185
CBIR 6 73 183
CBIR 6 74 149
CBIR 6 75 278
CBIR 6 76 187
CBIR 6 77 183
CBIR 6 78 259
CBIR 6 79 178
CBIR 6 80 150
CBIR 6 81 220
CBIR 6 82 187
CBIR 6 83 269
CBIR 6 84 221
CBIR 6 85 227
CBIR 6 86 289
CBIR 6 87 359
CBIR 6 88 330
CBIR 6 89 291
CBIR 6 90 147
CBIR 6 91 128
CBIR 6 92 210
CBIR 6 93 232
CBIR 6 94 185
CBIR 6 95 229
CBIR 6 96 199
CBIR 6 97 359
CBIR 6 98 236
CBIR 6 99 155
UCB 6 0 1000
UCB 6 1 1000
UCB 6 2 1000
UCB 6 3 1000
UCB 6 4 1000
UCB 6 5 1000
UCB 6 6 1000
UCB 6 7 1000
UCB 6 8 1000
UCB 6 9 1000
UCB 6 10 1000
UCB 6 11 1000
UCB 6 12 1000
UCB 6 13 1000
UCB 6 14 1000
UCB 6 15 1000
UCB 6 16 893
UCB 6 17 899
UCB 6 18 156
UCB 6 19 263
UCB 6 20 249
UCB 6 21 330
UCB 6 22 165
UCB 6 23 272
UCB 6 24 217
UCB 6 25 228
UCB 6 26 318
UCB 6 27 83
UCB 6 28 185
UCB 6 29 239
UCB 6 30 129
UCB 6 31 247
UCB 6 32 144
UCB 6 33 266
UCB 6 34 314
UCB 6 35 194
UCB 6 36 182
UCB 6 37 247
UCB 6 38 168
UCB 6 39 181
UCB 6 40 204
UCB 6 41 244
UCB 6 42 218
UCB 6 43 351
UCB 6 44 184
UCB 6 45 161
UCB 6 46 379
UCB 6 47 249
UCB 6 48 169
UCB 6 49 223
UCB 6 50 205
UCB 6 51 260
UCB 6 52 236
UCB 6 53 291
UCB 6 54 189
UCB 6 55 170
UCB 6 56 250
UCB 6 57 248
UCB 6 58 188
UCB 6 59 324
UCB 6 60 157
UCB 6 61 166
UCB 6 62 192
UCB 6 63 196
UCB 6 64 382
UCB 6 65 259
UCB 6 66 299
UCB 6 67 278
UCB 6 68 309
UCB 6 69 249
UCB 6 70 177
UCB 6 71 330
UCB 6 72 188
UCB 6 73 463
UCB 6 74 275
UCB 6 75 309
UCB 6 76 209
UCB 6 77 131
UCB 6 78 174
UCB 6 79 163
UCB 6 80 259
UCB 6 81 228
UCB 6 82 249
UCB 6 83 270
UCB 6 84 247
UCB 6 85 221
UCB 6 86 291
UCB 6 87 217
UCB 6 88 342
UCB 6 89 215
UCB 6 90 259
UCB 6 91 209
UCB 6 92 360
UCB 6 93 150
UCB 6 94 257
UCB 6 95 345
UCB 6 96 273
UCB 6 97 321
UCB 6 98 197
UCB 6 99 178
CBIR 7 0 1000
CBIR 7 1 1000
CBIR 7 2 1000
CBIR 7 3 1000
CBIR 7 4 1000
CBIR 7 5 1000
CBIR 7 6 1000
CBIR 7 7 1000
CBIR 7 8 332
CBIR 7 9 751
CBIR 7 10 265
CBIR 7 11 390
CBIR 7 12 228
CBIR 7 13 99
CBIR 7 14 272
CBIR 7 15 282
CBIR 7 16 169
CBIR 7 17 174
CBIR 7 18 188
CBIR 7 19 259
CBIR 7 20 320
CBIR 7 21 234
CBIR 7 22 94
CBIR 7 23 128
CBIR 7 24 169
CBIR 7 25 189
CBIR 7 26 123
CBIR 7 27 205
CBIR 7 28 169
CBIR 7 29 299
CBIR 7 30 262
CBIR 7 31 186
CBIR 7 32 120
CBIR 7 33 251
CBIR 7 34 306
CBIR 7 35 170
CBIR 7 36 171
CBIR 7 37 182
CBIR 7 38 183
CBIR 7 39 343
CBIR 7 40 158
CBIR 7 41 168
CBIR 7 42 227
CBIR 7 43 221
CBIR 7 44 249
CBIR 7 45 237
CBIR 7 46 90
CBIR 7 47 223
CBIR 7 48 154
CBIR 7 49 241
CBIR 7 50 107
CBIR 7 51 333
CBIR 7 52 215
CBIR 7 53 489
CBIR 7 54 614
CBIR 7 55 234
CBIR 7 56 369
CBIR 7 57 159
CBIR 7 58 372
CBIR 7 59 397
CBIR 7 60 158
CBIR 7 61 270
CBIR 7 62 626
CBIR 7 63 274
CBIR 7 64 119
CBIR 7 65 161
CBIR 7 66 144
CBIR 7 67 319
CBIR 7 68 141
CBIR 7 69 277
CBIR 7 70 143
CBIR 7 71 205
CBIR 7 72 209
CBIR 7 73 269
CBIR 7 74 189
CBIR 7 75 230
CBIR 7 76 111
CBIR 7 77 156
CBIR 7 78 269
CBIR 7 79 209
CBIR 7 80 115
CBIR 7 81 293
CBIR 7 82 219
CBIR 7 83 229
CBIR 7 84 245
CBIR 7 85 153
CBIR 7 86 219
CBIR 7 87 379
CBIR 7 88 341
CBIR 7 89 157
CBIR 7 90 169
CBIR 7 91 172
CBIR 7 92 326
CBIR 7 93 199
CBIR 7 94 419
CBIR 7 95 279
CBIR 7 96 319
CBIR 7 97 282
CBIR 7 98 211
CBIR 7 99 114
UCB 7 0 1000
UCB 7 1 1000
UCB 7 2 1000
UCB 7 3 1000
UCB 7 4 1000
UCB 7 5 1000
UCB 7 6 1000
UCB 7 7 576
UCB 7 8 246
UCB 7 9 283
UCB 7 10 273
UCB 7 11 330
UCB 7 12 199
UCB 7 13 171
UCB 7 14 191
UCB 7 15 153
UCB 7 16 123
UCB 7 17 318
UCB 7 18 186
UCB 7 19 129
UCB 7 20 259
UCB 7 21 253
UCB 7 22 97
UCB 7 23 137
UCB 7 24 177
UCB 7 25 198
UCB 7 26 234
UCB 7 27 118
UCB 7 28 453
UCB 7 29 185
UCB 7 30 141
UCB 7 31 316
UCB 7 32 153
UCB 7 33 145
UCB 7 34 214
UCB 7 35 257
UCB 7 36 230
UCB 7 37 321
UCB 7 38 212
UCB 7 39 200
UCB 7 40 269
UCB 7 41 103
UCB 7 42 258
UCB 7 43 191
UCB 7 44 334
UCB 7 45 299
UCB 7 46 199
UCB 7 47 283
UCB 7 48 148
UCB 7 49 266
UCB 7 50 264
UCB 7 51 317
UCB 7 52 311
UCB 7 53 216
UCB 7 54 137
UCB 7 55 232
UCB 7 56 206
UCB 7 57 139
UCB 7 58 359
UCB 7 59 229
UCB 7 60 162
UCB 7 61 278
UCB 7 62 130
UCB 7 63 293
UCB 7 64 173
UCB 7 65 288
UCB 7 66 192
UCB 7 67 297
UCB 7 68 334
UCB 7 69 333
UCB 7 70 110
UCB 7 71 169
UCB 7 72 228
UCB 7 73 166
UCB 7 74 182
UCB 7 75 201
UCB 7 76 207
UCB 7 77 218
UCB 7 78 269
UCB 7 79 135
UCB 7 80 345
UCB 7 81 101
UCB 7 82 159
UCB 7 83 126
UCB 7 84 213
UCB 7 85 133
UCB 7 86 301
UCB 7 87 221
UCB 7 88 267
UCB 7 89 249
UCB 7 90 88
UCB 7 91 81
UCB 7 92 286
UCB 7 93 295
UCB 7 94 275
UCB 7 95 301
UCB 7 96 289
UCB 7 97 207
UCB 7 98 310
UCB 7 99 135
CBIR 8 0 1000
CBIR 8 1 1000
CBIR 8 2 1000
CBIR 8 3 1000
CBIR 8 4 1000
CBIR 8 5 1000
CBIR 8 6 1000
CBIR 8 7 1000
CBIR 8 8 1000
CBIR 8 9 1000
CBIR 8 10 1000
CBIR 8 11 1000
CBIR 8 12 1000
CBIR 8 13 1000
CBIR 8 14 1000
CBIR 8 15 1000
CBIR 8 16 1000
CBIR 8 17 1000
CBIR 8 18 1000
CBIR 8 19 549
CBIR 8 20 1000
CBIR 8 21 320
CBIR 8 22 339
CBIR 8 23 230
CBIR 8 24 238
CBIR 8 25 302
CBIR 8 26 247
CBIR 8 27 208
CBIR 8 28 259
CBIR 8 29 361
CBIR 8 30 247
CBIR 8 31 295
CBIR 8 32 235
CBIR 8 33 207
CBIR 8 34 349
CBIR 8 35 200
CBIR 8 36 119
CBIR 8 37 198
CBIR 8 38 199
CBIR 8 39 169
CBIR 8 40 290
CBIR 8 41 197
CBIR 8 42 230
CBIR 8 43 261
CBIR 8 44 302
CBIR 8 45 236
CBIR 8 46 329
CBIR 8 47 217
CBIR 8 48 218
CBIR 8 49 210
CBIR 8 50 149
CBIR 8 51 457
CBIR 8 52 223
CBIR 8 53 107
CBIR 8 54 171
CBIR 8 55 187
CBIR 8 56 396
CBIR 8 57 252
CBIR 8 58 199
CBIR 8 59 299
CBIR 8 60 300
CBIR 8 61 198
CBIR 8 62 169
CBIR 8 63 149
CBIR 8 64 155
CBIR 8 65 184
CBIR 8 66 70
CBIR 8 67 297
CBIR 8 68 180
CBIR 8 69 250
CBIR 8 70 167
CBIR 8 71 199
CBIR 8 72 339
CBIR 8 73 379
CBIR 8 74 252
CBIR 8 75 247
CBIR 8 76 243
CBIR 8 77 245
CBIR 8 78 188
CBIR 8 79 341
CBIR 8 80 255
CBIR 8 81 219
CBIR 8 82 192
CBIR 8 83 182
CBIR 8 84 142
CBIR 8 85 242
CBIR 8 86 148
CBIR 8 87 190
CBIR 8 88 229
CBIR 8 89 200
CBIR 8 90 208
CBIR 8 91 199
CBIR 8 92 439
CBIR 8 93 179
CBIR 8 94 329
CBIR 8 95 199
CBIR 8 96 173
CBIR 8 97 176
CBIR 8 98 300
CBIR 8 99 159
UCB 8 0 1000
UCB 8 1 1000
UCB 8 2 221
UCB 8 3 820
UCB 8 4 335
UCB 8 5 312
UCB 8 6 240
UCB 8 7 215
UCB 8 8 154
UCB 8 9 217
UCB 8 10 224
UCB 8 11 284
UCB 8 12 224
UCB 8 13 204
UCB 8 14 188
UCB 8 15 305
UCB 8 16 237
UCB 8 17 278
UCB 8 18 206
UCB 8 19 171
UCB 8 20 276
UCB 8 21 180
UCB 8 22 124
UCB 8 23 129
UCB 8 24 456
UCB 8 25 203
UCB 8 26 268
UCB 8 27 178
UCB 8 28 366
UCB 8 29 370
UCB 8 30 124
UCB 8 31 254
UCB 8 32 299
UCB 8 33 223
UCB 8 34 244
UCB 8 35 198
UCB 8 36 253
UCB 8 37 215
UCB 8 38 181
UCB 8 39 234
UCB 8 40 179
UCB 8 41 304
UCB 8 42 159
UCB 8 43 307
UCB 8 44 161
UCB 8 45 179
UCB 8 46 269
UCB 8 47 168
UCB 8 48 278
UCB 8 49 227
UCB 8 50 422
UCB 8 51 248
UCB 8 52 203
UCB 8 53 245
UCB 8 54 231
UCB 8 55 307
UCB 8 56 314
UCB 8 57 366
UCB 8 58 327
UCB 8 59 304
UCB 8 60 239
UCB 8 61 550
UCB 8 62 388
UCB 8 63 254
UCB 8 64 319
UCB 8 65 299
UCB 8 66 241
UCB 8 67 224
UCB 8 68 253
UCB 8 69 211
UCB 8 70 316
UCB 8 71 211
UCB 8 72 237
UCB 8 73 239
UCB 8 74 170
UCB 8 75 138
UCB 8 76 549
UCB 8 77 269
UCB 8 78 154
UCB 8 79 254
UCB 8 80 119
UCB 8 81 169
UCB 8 82 119
UCB 8 83 364
UCB 8 84 424
UCB 8 85 301
UCB 8 86 377
UCB 8 87 271
UCB 8 88 216
UCB 8 89 280
UCB 8 90 162
UCB 8 91 396
UCB 8 92 240
UCB 8 93 430
UCB 8 94 277
UCB 8 95 578
UCB 8 96 140
UCB 8 97 352
UCB 8 98 206
UCB 8 99 854
CBIR 9 0 1000
CBIR 9 1 1000
CBIR 9 2 523
CBIR 9 3 406
CBIR 9 4 254
CBIR 9 5 194
CBIR 9 6 236
CBIR 9 7 159
CBIR 9 8 142
CBIR 9 9 99
CBIR 9 10 451
CBIR 9 11 279
CBIR 9 12 183
CBIR 9 13 193
CBIR 9 14 279
CBIR 9 15 309
CBIR 9 16 189
CBIR 9 17 230
CBIR 9 18 238
CBIR 9 19 133
CBIR 9 20 285
CBIR 9 21 189
CBIR 9 22 159
CBIR 9 23 209
CBIR 9 24 165
CBIR 9 25 296
CBIR 9 26 456
CBIR 9 27 221
CBIR 9 28 287
CBIR 9 29 319
CBIR 9 30 179
CBIR 9 31 101
CBIR 9 32 207
CBIR 9 33 239
CBIR 9 34 199
CBIR 9 35 210
CBIR 9 36 218
CBIR 9 37 107
CBIR 9 38 280
CBIR 9 39 260
CBIR 9 40 299
CBIR 9 41 144
CBIR 9 42 244
CBIR 9 43 179
CBIR 9 44 175
CBIR 9 45 165
CBIR 9 46 187
CBIR 9 47 240
CBIR 9 48 178
CBIR 9 49 162
CBIR 9 50 214
CBIR 9 51 145
CBIR 9 52 186
CBIR 9 53 230
CBIR 9 54 337
CBIR 9 55 242
CBIR 9 56 236
CBIR 9 57 182
CBIR 9 58 196
CBIR 9 59 319
CBIR 9 60 184
CBIR 9 61 244
CBIR 9 62 190
CBIR 9 63 291
CBIR 9 64 232
CBIR 9 65 294
CBIR 9 66 311
CBIR 9 67 257
CBIR 9 68 129
CBIR 9 69 387
CBIR 9 70 397
CBIR 9 71 253
CBIR 9 72 150
CBIR 9 73 74
CBIR 9 74 254
CBIR 9 75 249
CBIR 9 76 277
CBIR 9 77 178
CBIR 9 78 260
CBIR 9 79 239
CBIR 9 80 91
CBIR 9 81 277
CBIR 9 82 220
CBIR 9 83 159
CBIR 9 84 169
CBIR 9 85 295
CBIR 9 86 272
CBIR 9 87 270
CBIR 9 88 348
CBIR 9 89 191
CBIR 9 90 277
CBIR 9 91 269
CBIR 9 92 291
CBIR 9 93 217
CBIR 9 94 155
CBIR 9 95 137
CBIR 9 96 265
CBIR 9 97 164
CBIR 9 98 184
CBIR 9 99 121
UCB 9 0 114
UCB 9 1 927
UCB 9 2 163
UCB 9 3 204
UCB 9 4 351
UCB 9 5 130
UCB 9 6 257
UCB 9 7 190
UCB 9 8 137
UCB 9 9 151
UCB 9 10 343
UCB 9 11 146
UCB 9 12 166
UCB 9 13 182
UCB 9 14 140
UCB 9 15 154
UCB 9 16 105
UCB 9 17 87
UCB 9 18 217
UCB 9 19 208
UCB 9 20 327
UCB 9 21 241
UCB 9 22 440
UCB 9 23 153
UCB 9 24 234
UCB 9 25 212
UCB 9 26 200
UCB 9 27 351
UCB 9 28 123
UCB 9 29 276
UCB 9 30 311
UCB 9 31 169
UCB 9 32 175
UCB 9 33 283
UCB 9 34 205
UCB 9 35 243
UCB 9 36 300
UCB 9 37 170
UCB 9 38 302
UCB 9 39 189
UCB 9 40 274
UCB 9 41 309
UCB 9 42 259
UCB 9 43 204
UCB 9 44 147
UCB 9 45 287
UCB 9 46 320
UCB 9 47 367
UCB 9 48 321
UCB 9 49 180
UCB 9 50 116
UCB 9 51 242
UCB 9 52 266
UCB 9 53 223
UCB 9 54 215
UCB 9 55 144
UCB 9 56 254
UCB 9 57 213
UCB 9 58 247
UCB 9 59 217
UCB 9 60 169
UCB 9 61 291
UCB 9 62 219
UCB 9 63 257
UCB 9 64 299
UCB 9 65 431
UCB 9 66 247
UCB 9 67 239
UCB 9 68 259
UCB 9 69 239
UCB 9 70 339
UCB 9 71 339
UCB 9 72 312
UCB 9 73 267
UCB 9 74 289
UCB 9 75 255
UCB 9 76 229
UCB 9 77 155
UCB 9 78 208
UCB 9 79 301
UCB 9 80 245
UCB 9 81 277
UCB 9 82 247
UCB 9 83 275
UCB 9 84 225
UCB 9 85 401
UCB 9 86 449
UCB 9 87 342
UCB 9 88 211
UCB 9 89 268
UCB 9 90 234
UCB 9 91 238
UCB 9 92 311
UCB 9 93 293
UCB 9 94 185
UCB 9 95 346
UCB 9 96 242
UCB 9 97 110
UCB 9 98 188
UCB 9 99 155
CBIR 10 0 1000
CBIR 10 1 1000
CBIR 10 2 1000
CBIR 10 3 1000
CBIR 10 4 531
CBIR 10 5 563
CBIR 10 6 226
CBIR 10 7 148
CBIR 10 8 200
CBIR 10 9 272
CBIR 10 10 226
CBIR 10 11 287
CBIR 10 12 179
CBIR 10 13 340
CBIR 10 14 113
CBIR 10 15 216
CBIR 10 16 158
CBIR 10 17 148
CBIR 10 18 189
CBIR 10 19 231
CBIR 10 20 318
CBIR 10 21 219
CBIR 10 22 262
CBIR 10 23 377
CBIR 10 24 257
CBIR 10 25 299
CBIR 10 26 171
CBIR 10 27 128
CBIR 10 28 212
CBIR 10 29 255
CBIR 10 30 230
CBIR 10 31 289
CBIR 10 32 173
CBIR 10 33 256
CBIR 10 34 191
CBIR 10 35 478
CBIR 10 36 138
CBIR 10 37 159
CBIR 10 38 278
CBIR 10 39 208
CBIR 10 40 196
CBIR 10 41 182
CBIR 10 42 270
CBIR 10 43 290
CBIR 10 44 268
CBIR 10 45 208
CBIR 10 46 210
CBIR 10 47 318
CBIR 10 48 379
CBIR 10 49 139
CBIR 10 50 199
CBIR 10 51 279
CBIR 10 52 148
CBIR 10 53 200
CBIR 10 54 380
CBIR 10 55 160
CBIR 10 56 317
CBIR 10 57 302
CBIR 10 58 195
CBIR 10 59 200
CBIR 10 60 189
CBIR 10 61 200
CBIR 10 62 235
CBIR 10 63 229
CBIR 10 64 112
CBIR 10 65 149
CBIR 10 66 240
CBIR 10 67 188
CBIR 10 68 290
CBIR 10 69 269
CBIR 10 70 225
CBIR 10 71 310
CBIR 10 72 182
CBIR 10 73 248
CBIR 10 74 303
CBIR 10 75 105
CBIR 10 76 89
CBIR 10 77 210
CBIR 10 78 178
CBIR 10 79 111
CBIR 10 80 237
CBIR 10 81 229
CBIR 10 82 319
CBIR 10 83 249
CBIR 10 84 119
CBIR 10 85 229
CBIR 10 86 240
CBIR 10 87 248
CBIR 10 88 239
CBIR 10 89 241
CBIR 10 90 197
CBIR 10 91 210
CBIR 10 92 220
CBIR 10 93 198
CBIR 10 94 198
CBIR 10 95 170
CBIR 10 96 178
CBIR 10 97 223
CBIR 10 98 196
CBIR 10 99 208
UCB 10 0 1000
UCB 10 1 1000
UCB 10 2 1000
UCB 10 3 1000
UCB 10 4 171
UCB 10 5 609
UCB 10 6 309
UCB 10 7 198
UCB 10 8 429
UCB 10 9 112
UCB 10 10 216
UCB 10 11 219
UCB 10 12 189
UCB 10 13 181
UCB 10 14 157
UCB 10 15 181
UCB 10 16 227
UCB 10 17 221
UCB 10 18 279
UCB 10 19 142
UCB 10 20 226
UCB 10 21 127
UCB 10 22 222
UCB 10 23 157
UCB 10 24 143
UCB 10 25 94
UCB 10 26 154
UCB 10 27 244
UCB 10 28 310
UCB 10 29 55
UCB 10 30 182
UCB 10 31 126
UCB 10 32 252
UCB 10 33 160
UCB 10 34 238
UCB 10 35 327
UCB 10 36 190
UCB 10 37 126
UCB 10 38 241
UCB 10 39 243
UCB 10 40 300
UCB 10 41 271
UCB 10 42 196
UCB 10 43 208
UCB 10 44 208
UCB 10 45 203
UCB 10 46 237
UCB 10 47 364
UCB 10 48 245
UCB 10 49 184
UCB 10 50 281
UCB 10 51 492
UCB 10 52 293
UCB 10 53 272
UCB 10 54 139
UCB 10 55 349
UCB 10 56 179
UCB 10 57 220
UCB 10 58 178
UCB 10 59 140
UCB 10 60 249
UCB 10 61 292
UCB 10 62 226
UCB 10 63 234
UCB 10 64 203
UCB 10 65 473
UCB 10 66 322
UCB 10 67 182
UCB 10 68 308
UCB 10 69 152
UCB 10 70 330
UCB 10 71 137
UCB 10 72 268
UCB 10 73 191
UCB 10 74 328
UCB 10 75 299
UCB 10 76 150
UCB 10 77 153
UCB 10 78 223
UCB 10 79 339
UCB 10 80 342
UCB 10 81 237
UCB 10 82 199
UCB 10 83 388
UCB 10 84 219
UCB 10 85 346
UCB 10 86 295
UCB 10 87 351
UCB 10 88 318
UCB 10 89 316
UCB 10 90 247
UCB 10 91 530
UCB 10 92 435
UCB 10 93 477
UCB 10 94 418
UCB 10 95 280
UCB 10 96 198
UCB 10 97 316
UCB 10 98 209
UCB 10 99 163
CBIR 11 0 1000
CBIR 11 1 1000
CBIR 11 2 1000
CBIR 11 3 1000
CBIR 11 4 1000
CBIR 11 5 1000
CBIR 11 6 1000
CBIR 11 7 1000
CBIR 11 8 660
CBIR 11 9 1000
CBIR 11 10 129
CBIR 11 11 176
CBIR 11 12 382
CBIR 11 13 300
CBIR 11 14 259
CBIR 11 15 228
CBIR 11 16 209
CBIR 11 17 127
CBIR 11 18 301
CBIR 11 19 231
CBIR 11 20 307
CBIR 11 21 171
CBIR 11 22 148
CBIR 11 23 188
CBIR 11 24 250
CBIR 11 25 138
CBIR 11 26 201
CBIR 11 27 167
CBIR 11 28 182
CBIR 11 29 295
CBIR 11 30 181
CBIR 11 31 320
CBIR 11 32 358
CBIR 11 33 201
CBIR 11 34 136
CBIR 11 35 230
CBIR 11 36 151
CBIR 11 37 286
CBIR 11 38 170
CBIR 11 39 122
CBIR 11 40 197
CBIR 11 41 188
CBIR 11 42 291
CBIR 11 43 150
CBIR 11 44 216
CBIR 11 45 293
CBIR 11 46 134
CBIR 11 47 190
CBIR 11 48 440
CBIR 11 49 242
CBIR 11 50 119
CBIR 11 51 186
CBIR 11 52 177
CBIR 11 53 142
CBIR 11 54 216
CBIR 11 55 220
CBIR 11 56 174
CBIR 11 57 274
CBIR 11 58 308
CBIR 11 59 204
CBIR 11 60 234
CBIR 11 61 247
CBIR 11 62 203
CBIR 11 63 210
CBIR 11 64 233
CBIR 11 65 283
CBIR 11 66 308
CBIR 11 67 354
CBIR 11 68 165
CBIR 11 69 178
CBIR 11 70 148
CBIR 11 71 230
CBIR 11 72 294
CBIR 11 73 195
CBIR 11 74 235
CBIR 11 75 294
CBIR 11 76 207
CBIR 11 77 139
CBIR 11 78 289
CBIR 11 79 112
CBIR 11 80 379
CBIR 11 81 156
CBIR 11 82 159
CBIR 11 83 209
CBIR 11 84 210
CBIR 11 85 298
CBIR 11 86 143
CBIR 11 87 135
CBIR 11 88 158
CBIR 11 89 331
CBIR 11 90 448
CBIR 11 91 301
CBIR 11 92 186
CBIR 11 93 180
CBIR 11 94 409
CBIR 11 95 249
CBIR 11 96 180
CBIR 11 97 180
CBIR 11 98 55
CBIR 11 99 213
UCB 11 0 1000
UCB 11 1 1000
UCB 11 2 1000
UCB 11 3 1000
UCB 11 4 362
UCB 11 5 848
UCB 11 6 101
UCB 11 7 174
UCB 11 8 181
UCB 11 9 150
UCB 11 10 190
UCB 11 11 118
UCB 11 12 171
UCB 11 13 187
UCB 11 14 152
UCB 11 15 128
UCB 11 16 258
UCB 11 17 230
UCB 11 18 276
UCB 11 19 199
UCB 11 20 304
UCB 11 21 267
UCB 11 22 168
UCB 11 23 229
UCB 11 24 147
UCB 11 25 268
UCB 11 26 322
UCB 11 27 193
UCB 11 28 267
UCB 11 29 197
UCB 11 30 268
UCB 11 31 148
UCB 11 32 190
UCB 11 33 211
UCB 11 34 219
UCB 11 35 307
UCB 11 36 263
UCB 11 37 222
UCB 11 38 181
UCB 11 39 285
UCB 11 40 183
UCB 11 41 203
UCB 11 42 126
UCB 11 43 165
UCB 11 44 363
UCB 11 45 109
UCB 11 46 119
UCB 11 47 282
UCB 11 48 155
UCB 11 49 219
UCB 11 50 169
UCB 11 51 145
UCB 11 52 148
UCB 11 53 266
UCB 11 54 340
UCB 11 55 71
UCB 11 56 195
UCB 11 57 267
UCB 11 58 202
UCB 11 59 397
UCB 11 60 180
UCB 11 61 178
UCB 11 62 339
UCB 11 63 330
UCB 11 64 151
UCB 11 65 286
UCB 11 66 249
UCB 11 67 209
UCB 11 68 80
UCB 11 69 366
UCB 11 70 312
UCB 11 71 298
UCB 11 72 269
UCB 11 73 308
UCB 11 74 197
UCB 11 75 170
UCB 11 76 298
UCB 11 77 182
UCB 11 78 120
UCB 11 79 328
UCB 11 80 232
UCB 11 81 156
UCB 11 82 379
UCB 11 83 199
UCB 11 84 543
UCB 11 85 195
UCB 11 86 306
UCB 11 87 243
UCB 11 88 189
UCB 11 89 278
UCB 11 90 254
UCB 11 91 378
UCB 11 92 268
UCB 11 93 267
UCB 11 94 298
UCB 11 95 284
UCB 11 96 234
UCB 11 97 255
UCB 11 98 173
UCB 11 99 385
CBIR 12 0 1000
CBIR 12 1 1000
CBIR 12 2 1000
CBIR 12 3 1000
CBIR 12 4 1000
CBIR 12 5 1000
CBIR 12 6 1000
CBIR 12 7 1000
CBIR 12 8 1000
CBIR 12 9 1000
CBIR 12 10 1000
CBIR 12 11 1000
CBIR 12 12 1000
CBIR 12 13 1000
CBIR 12 14 1000
CBIR 12 15 1000
CBIR 12 16 1000
CBIR 12 17 1000
CBIR 12 18 1000
CBIR 12 19 1000
CBIR 12 20 1000
CBIR 12 21 1000
CBIR 12 22 1000
CBIR 12 23 1000
CBIR 12 24 1000
CBIR 12 25 1000
CBIR 12 26 1000
CBIR 12 27 1000
CBIR 12 28 1000
CBIR 12 29 1000
CBIR 12 30 1000
CBIR 12 31 1000
CBIR 12 32 1000
CBIR 12 33 1000
CBIR 12 34 1000
CBIR 12 35 1000
CBIR 12 36 1000
CBIR 12 37 1000
CBIR 12 38 1000
CBIR 12 39 1000
CBIR 12 40 1000
CBIR 12 41 1000
CBIR 12 42 1000
CBIR 12 43 1000
CBIR 12 44 812
CBIR 12 45 820
CBIR 12 46 269
CBIR 12 47 155
CBIR 12 48 102
CBIR 12 49 229
CBIR 12 50 150
CBIR 12 51 126
CBIR 12 52 396
CBIR 12 53 164
CBIR 12 54 247
CBIR 12 55 230
CBIR 12 56 249
CBIR 12 57 176
CBIR 12 58 191
CBIR 12 59 199
CBIR 12 60 260
CBIR 12 61 174
CBIR 12 62 86
CBIR 12 63 337
CBIR 12 64 315
CBIR 12 65 165
CBIR 12 66 269
CBIR 12 67 212
CBIR 12 68 243
CBIR 12 69 210
CBIR 12 70 239
CBIR 12 71 428
CBIR 12 72 181
CBIR 12 73 290
CBIR 12 74 220
CBIR 12 75 225
CBIR 12 76 194
CBIR 12 77 185
CBIR 12 78 147
CBIR 12 79 169
CBIR 12 80 208
CBIR 12 81 99
CBIR 12 82 261
CBIR 12 83 210
CBIR 12 84 219
CBIR 12 85 168
CBIR 12 86 171
CBIR 12 87 227
CBIR 12 88 119
CBIR 12 89 203
CBIR 12 90 125
CBIR 12 91 129
CBIR 12 92 235
CBIR 12 93 304
CBIR 12 94 224
CBIR 12 95 224
CBIR 12 96 198
CBIR 12 97 249
CBIR 12 98 365
CBIR 12 99 274
UCB 12 0 1000
UCB 12 1 1000
UCB 12 2 1000
UCB 12 3 1000
UCB 12 4 524
UCB 12 5 837
UCB 12 6 137
UCB 12 7 145
UCB 12 8 170
UCB 12 9 226
UCB 12 10 301
UCB 12 11 258
UCB 12 12 179
UCB 12 13 167
UCB 12 14 110
UCB 12 15 315
UCB 12 16 146
UCB 12 17 172
UCB 12 18 114
UCB 12 19 174
UCB 12 20 149
UCB 12 21 150
UCB 12 22 262
UCB 12 23 328
UCB 12 24 218
UCB 12 25 340
UCB 12 26 122
UCB 12 27 184
UCB 12 28 268
UCB 12 29 234
UCB 12 30 155
UCB 12 31 128
UCB 12 32 289
UCB 12 33 299
UCB 12 34 224
UCB 12 35 214
UCB 12 36 283
UCB 12 37 211
UCB 12 38 183
UCB 12 39 270
UCB 12 40 240
UCB 12 41 270
UCB 12 42 136
UCB 12 43 80
UCB 12 44 297
UCB 12 45 132
UCB 12 46 288
UCB 12 47 339
UCB 12 48 388
UCB 12 49 180
UCB 12 50 218
UCB 12 51 368
UCB 12 52 182
UCB 12 53 138
UCB 12 54 400
UCB 12 55 252
UCB 12 56 224
UCB 12 57 319
UCB 12 58 280
UCB 12 59 235
UCB 12 60 204
UCB 12 61 328
UCB 12 62 265
UCB 12 63 443
UCB 12 64 278
UCB 12 65 202
UCB 12 66 276
UCB 12 67 259
UCB 12 68 481
UCB 12 69 187
UCB 12 70 275
UCB 12 71 263
UCB 12 72 242
UCB 12 73 127
UCB 12 74 228
UCB 12 75 183
UCB 12 76 175
UCB 12 77 150
UCB 12 78 224
UCB 12 79 182
UCB 12 80 207
UCB 12 81 243
UCB 12 82 198
UCB 12 83 234
UCB 12 84 184
UCB 12 85 259
UCB 12 86 182
UCB 12 87 430
UCB 12 88 205
UCB 12 89 199
UCB 12 90 199
UCB 12 91 259
UCB 12 92 143
UCB 12 93 253
UCB 12 94 311
UCB 12 95 191
UCB 12 96 217
UCB 12 97 199
UCB 12 98 160
UCB 12 99 338
CBIR 13 0 1000
CBIR 13 1 1000
CBIR 13 2 1000
CBIR 13 3 426
CBIR 13 4 317
CBIR 13 5 168
CBIR 13 6 151
CBIR 13 7 275
CBIR 13 8 149
CBIR 13 9 119
CBIR 13 10 230
CBIR 13 11 400
CBIR 13 12 228
CBIR 13 13 167
CBIR 13 14 152
CBIR 13 15 190
CBIR 13 16 76
CBIR 13 17 189
CBIR 13 18 148
CBIR 13 19 122
CBIR 13 20 155
CBIR 13 21 140
CBIR 13 22 179
CBIR 13 23 248
CBIR 13 24 190
CBIR 13 25 239
CBIR 13 26 139
CBIR 13 27 237
CBIR 13 28 93
CBIR 13 29 227
CBIR 13 30 222
CBIR 13 31 207
CBIR 13 32 294
CBIR 13 33 207
CBIR 13 34 206
CBIR 13 35 234
CBIR 13 36 216
CBIR 13 37 200
CBIR 13 38 99
CBIR 13 39 210
CBIR 13 40 274
CBIR 13 41 209
CBIR 13 42 151
CBIR 13 43 230
CBIR 13 44 299
CBIR 13 45 223
CBIR 13 46 277
CBIR 13 47 308
CBIR 13 48 178
CBIR 13 49 192
CBIR 13 50 224
CBIR 13 51 124
CBIR 13 52 354
CBIR 13 53 333
CBIR 13 54 164
CBIR 13 55 230
CBIR 13 56 243
CBIR 13 57 303
CBIR 13 58 202
CBIR 13 59 171
CBIR 13 60 186
CBIR 13 61 112
CBIR 13 62 171
CBIR 13 63 253
CBIR 13 64 160
CBIR 13 65 153
CBIR 13 66 156
CBIR 13 67 189
CBIR 13 68 347
CBIR 13 69 229
CBIR 13 70 171
CBIR 13 71 242
CBIR 13 72 198
CBIR 13 73 166
CBIR 13 74 175
CBIR 13 75 100
CBIR 13 76 141
CBIR 13 77 169
CBIR 13 78 199
CBIR 13 79 139
CBIR 13 80 312
CBIR 13 81 198
CBIR 13 82 178
CBIR 13 83 130
CBIR 13 84 240
CBIR 13 85 236
CBIR 13 86 249
CBIR 13 87 170
CBIR 13 88 64
CBIR 13 89 239
CBIR 13 90 124
CBIR 13 91 163
CBIR 13 92 204
CBIR 13 93 189
CBIR 13 94 229
CBIR 13 95 289
CBIR 13 96 369
CBIR 13 97 138
CBIR 13 98 290
CBIR 13 99 329
UCB 13 0 1000
UCB 13 1 1000
UCB 13 2 1000
UCB 13 3 1000
UCB 13 4 1000
UCB 13 5 1000
UCB 13 6 1000
UCB 13 7 1000
UCB 13 8 1000
UCB 13 9 1000
UCB 13 10 1000
UCB 13 11 1000
UCB 13 12 1000
UCB 13 13 1000
UCB 13 14 1000
UCB 13 15 1000
UCB 13 16 1000
UCB 13 17 1000
UCB 13 18 1000
UCB 13 19 1000
UCB 13 20 1000
UCB 13 21 1000
UCB 13 22 1000
UCB 13 23 1000
UCB 13 24 1000
UCB 13 25 682
UCB 13 26 1000
UCB 13 27 132
UCB 13 28 265
UCB 13 29 291
UCB 13 30 339
UCB 13 31 247
UCB 13 32 228
UCB 13 33 201
UCB 13 34 338
UCB 13 35 178
UCB 13 36 275
UCB 13 37 267
UCB 13 38 220
UCB 13 39 206
UCB 13 40 256
UCB 13 41 221
UCB 13 42 188
UCB 13 43 160
UCB 13 44 290
UCB 13 45 189
UCB 13 46 317
UCB 13 47 249
UCB 13 48 217
UCB 13 49 211
UCB 13 50 212
UCB 13 51 139
UCB 13 52 210
UCB 13 53 57
UCB 13 54 115
UCB 13 55 257
UCB 13 56 393
UCB 13 57 210
UCB 13 58 132
UCB 13 59 178
UCB 13 60 181
UCB 13 61 238
UCB 13 62 215
UCB 13 63 261
UCB 13 64 315
UCB 13 65 253
UCB 13 66 187
UCB 13 67 203
UCB 13 68 138
UCB 13 69 215
UCB 13 70 232
UCB 13 71 251
UCB 13 72 267
UCB 13 73 278
UCB 13 74 264
UCB 13 75 199
UCB 13 76 311
UCB 13 77 211
UCB 13 78 177
UCB 13 79 374
UCB 13 80 241
UCB 13 81 487
UCB 13 82 363
UCB 13 83 281
UCB 13 84 200
UCB 13 85 211
UCB 13 86 187
UCB 13 87 101
UCB 13 88 248
UCB 13 89 158
UCB 13 90 292
UCB 13 91 236
UCB 13 92 179
UCB 13 93 299
UCB 13 94 201
UCB 13 95 267
UCB 13 96 211
UCB 13 97 227
UCB 13 98 179
UCB 13 99 199
CBIR 14 0 1000
CBIR 14 1 1000
CBIR 14 2 1000
CBIR 14 3 101
CBIR 14 4 628
CBIR 14 5 732
CBIR 14 6 452
CBIR 14 7 195
CBIR 14 8 242
CBIR 14 9 194
CBIR 14 10 139
CBIR 14 11 310
CBIR 14 12 178
CBIR 14 13 219
CBIR 14 14 111
CBIR 14 15 263
CBIR 14 16 183
CBIR 14 17 192
CBIR 14 18 358
CBIR 14 19 120
CBIR 14 20 356
CBIR 14 21 279
CBIR 14 22 179
CBIR 14 23 248
CBIR 14 24 280
CBIR 14 25 189
CBIR 14 26 150
CBIR 14 27 229
CBIR 14 28 150
CBIR 14 29 189
CBIR 14 30 127
CBIR 14 31 319
CBIR 14 32 151
CBIR 14 33 207
CBIR 14 34 150
CBIR 14 35 309
CBIR 14 36 322
CBIR 14 37 315
CBIR 14 38 244
CBIR 14 39 304
CBIR 14 40 208
CBIR 14 41 170
CBIR 14 42 179
CBIR 14 43 159
CBIR 14 44 199
CBIR 14 45 300
CBIR 14 46 328
CBIR 14 47 191
CBIR 14 48 288
CBIR 14 49 208
CBIR 14 50 369
CBIR 14 51 129
CBIR 14 52 278
CBIR 14 53 150
CBIR 14 54 143
CBIR 14 55 350
CBIR 14 56 264
CBIR 14 57 309
CBIR 14 58 189
CBIR 14 59 169
CBIR 14 60 141
CBIR 14 61 408
CBIR 14 62 99
CBIR 14 63 138
CBIR 14 64 189
CBIR 14 65 269
CBIR 14 66 313
CBIR 14 67 243
CBIR 14 68 206
CBIR 14 69 340
CBIR 14 70 243
CBIR 14 71 208
CBIR 14 72 230
CBIR 14 73 319
CBIR 14 74 339
CBIR 14 75 190
CBIR 14 76 228
CBIR 14 77 303
CBIR 14 78 115
CBIR 14 79 269
CBIR 14 80 149
CBIR 14 81 212
CBIR 14 82 171
CBIR 14 83 484
CBIR 14 84 153
CBIR 14 85 77
CBIR 14 86 248
CBIR 14 87 248
CBIR 14 88 310
CBIR 14 89 149
CBIR 14 90 163
CBIR 14 91 255
CBIR 14 92 413
CBIR 14 93 286
CBIR 14 94 347
CBIR 14 95 119
CBIR 14 96 199
CBIR 14 97 259
CBIR 14 98 311
CBIR 14 99 146
UCB 14 0 1000
UCB 14 1 1000
UCB 14 2 1000
UCB 14 3 1000
UCB 14 4 1000
UCB 14 5 1000
UCB 14 6 1000
UCB 14 7 1000
UCB 14 8 1000
UCB 14 9 1000
UCB 14 10 1000
UCB 14 11 1000
UCB 14 12 1000
UCB 14 13 1000
UCB 14 14 1000
UCB 14 15 1000
UCB 14 16 1000
UCB 14 17 317
UCB 14 18 677
UCB 14 19 156
UCB 14 20 234
UCB 14 21 237
UCB 14 22 177
UCB 14 23 190
UCB 14 24 166
UCB 14 25 133
UCB 14 26 256
UCB 14 27 220
UCB 14 28 317
UCB 14 29 199
UCB 14 30 176
UCB 14 31 232
UCB 14 32 158
UCB 14 33 166
UCB 14 34 172
UCB 14 35 269
UCB 14 36 310
UCB 14 37 529
UCB 14 38 188
UCB 14 39 134
UCB 14 40 207
UCB 14 41 238
UCB 14 42 139
UCB 14 43 158
UCB 14 44 129
UCB 14 45 248
UCB 14 46 251
UCB 14 47 211
UCB 14 48 170
UCB 14 49 127
UCB 14 50 197
UCB 14 51 279
UCB 14 52 314
UCB 14 53 236
UCB 14 54 104
UCB 14 55 315
UCB 14 56 295
UCB 14 57 258
UCB 14 58 250
UCB 14 59 160
UCB 14 60 150
UCB 14 61 269
UCB 14 62 318
UCB 14 63 399
UCB 14 64 198
UCB 14 65 190
UCB 14 66 151
UCB 14 67 94
UCB 14 68 211
UCB 14 69 151
UCB 14 70 197
UCB 14 71 279
UCB 14 72 109
UCB 14 73 105
UCB 14 74 197
UCB 14 75 117
UCB 14 76 190
UCB 14 77 150
UCB 14 78 214
UCB 14 79 200
UCB 14 80 230
UCB 14 81 219
UCB 14 82 228
UCB 14 83 320
UCB 14 84 290
UCB 14 85 202
UCB 14 86 195
UCB 14 87 209
UCB 14 88 300
UCB 14 89 317
UCB 14 90 106
UCB 14 91 168
UCB 14 92 293
UCB 14 93 224
UCB 14 94 220
UCB 14 95 133
UCB 14 96 305
UCB 14 97 275
UCB 14 98 267
UCB 14 99 441
CBIR 15 0 1000
CBIR 15 1 1000
CBIR 15 2 1000
CBIR 15 3 1000
CBIR 15 4 1000
CBIR 15 5 618
CBIR 15 6 543
CBIR 15 7 427
CBIR 15 8 180
CBIR 15 9 276
CBIR 15 10 291
CBIR 15 11 234
CBIR 15 12 144
CBIR 15 13 319
CBIR 15 14 129
CBIR 15 15 161
CBIR 15 16 147
CBIR 15 17 119
CBIR 15 18 179
CBIR 15 19 179
CBIR 15 20 150
CBIR 15 21 188
CBIR 15 22 319
CBIR 15 23 270
CBIR 15 24 168
CBIR 15 25 133
CBIR 15 26 165
CBIR 15 27 219
CBIR 15 28 201
CBIR 15 29 257
CBIR 15 30 311
CBIR 15 31 288
CBIR 15 32 141
CBIR 15 33 356
CBIR 15 34 99
CBIR 15 35 179
CBIR 15 36 334
CBIR 15 37 294
CBIR 15 38 169
CBIR 15 39 233
CBIR 15 40 242
CBIR 15 41 214
CBIR 15 42 238
CBIR 15 43 239
CBIR 15 44 338
CBIR 15 45 199
CBIR 15 46 299
CBIR 15 47 179
CBIR 15 48 180
CBIR 15 49 166
CBIR 15 50 161
CBIR 15 51 96
CBIR 15 52 182
CBIR 15 53 240
CBIR 15 54 208
CBIR 15 55 221
CBIR 15 56 118
CBIR 15 57 198
CBIR 15 58 149
CBIR 15 59 200
CBIR 15 60 250
CBIR 15 61 307
CBIR 15 62 270
CBIR 15 63 178
CBIR 15 64 266
CBIR 15 65 236
CBIR 15 66 295
CBIR 15 67 259
CBIR 15 68 280
CBIR 15 69 308
CBIR 15 70 190
CBIR 15 71 228
CBIR 15 72 199
CBIR 15 73 334
CBIR 15 74 294
CBIR 15 75 290
CBIR 15 76 199
CBIR 15 77 298
CBIR 15 78 229
CBIR 15 79 448
CBIR 15 80 242
CBIR 15 81 148
CBIR 15 82 265
CBIR 15 83 283
CBIR 15 84 159
CBIR 15 85 130
CBIR 15 86 138
CBIR 15 87 248
CBIR 15 88 299
CBIR 15 89 279
CBIR 15 90 227
CBIR 15 91 323
CBIR 15 92 178
CBIR 15 93 188
CBIR 15 94 270
CBIR 15 95 198
CBIR 15 96 249
CBIR 15 97 399
CBIR 15 98 529
CBIR 15 99 159
UCB 15 0 1000
UCB 15 1 1000
UCB 15 2 1000
UCB 15 3 1000
UCB 15 4 137
UCB 15 5 673
UCB 15 6 203
UCB 15 7 227
UCB 15 8 168
UCB 15 9 170
UCB 15 10 137
UCB 15 11 183
UCB 15 12 96
UCB 15 13 257
UCB 15 14 118
UCB 15 15 140
UCB 15 16 271
UCB 15 17 237
UCB 15 18 225
UCB 15 19 313
UCB 15 20 199
UCB 15 21 300
UCB 15 22 300
UCB 15 23 131
UCB 15 24 261
UCB 15 25 195
UCB 15 26 152
UCB 15 27 165
UCB 15 28 161
UCB 15 29 206
UCB 15 30 152
UCB 15 31 235
UCB 15 32 207
UCB 15 33 252
UCB 15 34 137
UCB 15 35 161
UCB 15 36 293
UCB 15 37 224
UCB 15 38 201
UCB 15 39 246
UCB 15 40 191
UCB 15 41 221
UCB 15 42 297
UCB 15 43 229
UCB 15 44 180
UCB 15 45 301
UCB 15 46 397
UCB 15 47 359
UCB 15 48 259
UCB 15 49 186
UCB 15 50 279
UCB 15 51 316
UCB 15 52 187
UCB 15 53 246
UCB 15 54 192
UCB 15 55 408
UCB 15 56 267
UCB 15 57 260
UCB 15 58 293
UCB 15 59 295
UCB 15 60 360
UCB 15 61 277
UCB 15 62 319
UCB 15 63 260
UCB 15 64 229
UCB 15 65 139
UCB 15 66 246
UCB 15 67 366
UCB 15 68 268
UCB 15 69 173
UCB 15 70 338
UCB 15 71 252
UCB 15 72 239
UCB 15 73 249
UCB 15 74 288
UCB 15 75 280
UCB 15 76 219
UCB 15 77 179
UCB 15 78 159
UCB 15 79 220
UCB 15 80 158
UCB 15 81 194
UCB 15 82 165
UCB 15 83 188
UCB 15 84 500
UCB 15 85 209
UCB 15 86 230
UCB 15 87 127
UCB 15 88 140
UCB 15 89 236
UCB 15 90 311
UCB 15 91 146
UCB 15 92 178
UCB 15 93 273
UCB 15 94 319
UCB 15 95 150
UCB 15 96 277
UCB 15 97 220
UCB 15 98 219
UCB 15 99 272
CBIR 16 0 1000
CBIR 16 1 1000
CBIR 16 2 1000
CBIR 16 3 1000
CBIR 16 4 1000
CBIR 16 5 1000
CBIR 16 6 1000
CBIR 16 7 1000
CBIR 16 8 1000
CBIR 16 9 1000
CBIR 16 10 1000
CBIR 16 11 1000
CBIR 16 12 1000
CBIR 16 13 1000
CBIR 16 14 1000
CBIR 16 15 1000
CBIR 16 16 1000
CBIR 16 17 1000
CBIR 16 18 1000
CBIR 16 19 1000
CBIR 16 20 1000
CBIR 16 21 1000
CBIR 16 22 1000
CBIR 16 23 1000
CBIR 16 24 1000
CBIR 16 25 1000
CBIR 16 26 1000
CBIR 16 27 1000
CBIR 16 28 1000
CBIR 16 29 1000
CBIR 16 30 1000
CBIR 16 31 1000
CBIR 16 32 1000
CBIR 16 33 1000
CBIR 16 34 1000
CBIR 16 35 1000
CBIR 16 36 1000
CBIR 16 37 1000
CBIR 16 38 1000
CBIR 16 39 1000
CBIR 16 40 1000
CBIR 16 41 1000
CBIR 16 42 1000
CBIR 16 43 1000
CBIR 16 44 679
CBIR 16 45 1000
CBIR 16 46 709
CBIR 16 47 221
CBIR 16 48 248
CBIR 16 49 272
CBIR 16 50 230
CBIR 16 51 149
CBIR 16 52 245
CBIR 16 53 232
CBIR 16 54 245
CBIR 16 55 250
CBIR 16 56 173
CBIR 16 57 294
CBIR 16 58 250
CBIR 16 59 109
CBIR 16 60 220
CBIR 16 61 178
CBIR 16 62 132
CBIR 16 63 316
CBIR 16 64 130
CBIR 16 65 178
CBIR 16 66 169
CBIR 16 67 120
CBIR 16 68 218
CBIR 16 69 139
CBIR 16 70 289
CBIR 16 71 159
CBIR 16 72 90
CBIR 16 73 183
CBIR 16 74 175
CBIR 16 75 179
CBIR 16 76 178
CBIR 16 77 140
CBIR 16 78 188
CBIR 16 79 131
CBIR 16 80 167
CBIR 16 81 209
CBIR 16 82 299
CBIR 16 83 220
CBIR 16 84 408
CBIR 16 85 179
CBIR 16 86 249
CBIR 16 87 211
CBIR 16 88 176
CBIR 16 89 130
CBIR 16 90 233
CBIR 16 91 225
CBIR 16 92 469
CBIR 16 93 220
CBIR 16 94 179
CBIR 16 95 301
CBIR 16 96 257
CBIR 16 97 230
CBIR 16 98 1000
CBIR 16 99 297
UCB 16 0 1000
UCB 16 1 1000
UCB 16 2 1000
UCB 16 3 910
UCB 16 4 845
UCB 16 5 146
UCB 16 6 198
UCB 16 7 219
UCB 16 8 117
UCB 16 9 181
UCB 16 10 164
UCB 16 11 252
UCB 16 12 283
UCB 16 13 129
UCB 16 14 361
UCB 16 15 176
UCB 16 16 308
UCB 16 17 159
UCB 16 18 429
UCB 16 19 133
UCB 16 20 245
UCB 16 21 209
UCB 16 22 130
UCB 16 23 236
UCB 16 24 133
UCB 16 25 206
UCB 16 26 302
UCB 16 27 315
UCB 16 28 228
UCB 16 29 176
UCB 16 30 203
UCB 16 31 278
UCB 16 32 131
UCB 16 33 104
UCB 16 34 216
UCB 16 35 188
UCB 16 36 108
UCB 16 37 207
UCB 16 38 255
UCB 16 39 196
UCB 16 40 158
UCB 16 41 259
UCB 16 42 123
UCB 16 43 275
UCB 16 44 291
UCB 16 45 340
UCB 16 46 257
UCB 16 47 218
UCB 16 48 148
UCB 16 49 261
UCB 16 50 277
UCB 16 51 220
UCB 16 52 275
UCB 16 53 159
UCB 16 54 283
UCB 16 55 218
UCB 16 56 146
UCB 16 57 204
UCB 16 58 177
UCB 16 59 329
UCB 16 60 194
UCB 16 61 305
UCB 16 62 118
UCB 16 63 409
UCB 16 64 143
UCB 16 65 247
UCB 16 66 274
UCB 16 67 307
UCB 16 68 247
UCB 16 69 194
UCB 16 70 250
UCB 16 71 178
UCB 16 72 191
UCB 16 73 361
UCB 16 74 116
UCB 16 75 250
UCB 16 76 162
UCB 16 77 286
UCB 16 78 240
UCB 16 79 150
UCB 16 80 307
UCB 16 81 126
UCB 16 82 212
UCB 16 83 229
UCB 16 84 300
UCB 16 85 198
UCB 16 86 152
UCB 16 87 186
UCB 16 88 431
UCB 16 89 239
UCB 16 90 217
UCB 16 91 135
UCB 16 92 245
UCB 16 93 290
UCB 16 94 256
UCB 16 95 151
UCB 16 96 344
UCB 16 97 193
UCB 16 98 332
UCB 16 99 425
CBIR 17 0 1000
CBIR 17 1 1000
CBIR 17 2 1000
CBIR 17 3 304
CBIR 17 4 1000
CBIR 17 5 397
CBIR 17 6 239
CBIR 17 7 289
CBIR 17 8 267
CBIR 17 9 149
CBIR 17 10 221
CBIR 17 11 197
CBIR 17 12 229
CBIR 17 13 192
CBIR 17 14 276
CBIR 17 15 147
CBIR 17 16 152
CBIR 17 17 157
CBIR 17 18 180
CBIR 17 19 359
CBIR 17 20 203
CBIR 17 21 241
CBIR 17 22 214
CBIR 17 23 178
CBIR 17 24 279
CBIR 17 25 249
CBIR 17 26 169
CBIR 17 27 84
CBIR 17 28 138
CBIR 17 29 267
CBIR 17 30 267
CBIR 17 31 210
CBIR 17 32 204
CBIR 17 33 112
CBIR 17 34 173
CBIR 17 35 180
CBIR 17 36 245
CBIR 17 37 179
CBIR 17 38 215
CBIR 17 39 203
CBIR 17 40 199
CBIR 17 41 183
CBIR 17 42 186
CBIR 17 43 248
CBIR 17 44 239
CBIR 17 45 190
CBIR 17 46 238
CBIR 17 47 419
CBIR 17 48 269
CBIR 17 49 187
CBIR 17 50 146
CBIR 17 51 259
CBIR 17 52 124
CBIR 17 53 239
CBIR 17 54 249
CBIR 17 55 199
CBIR 17 56 259
CBIR 17 57 349
CBIR 17 58 173
CBIR 17 59 196
CBIR 17 60 338
CBIR 17 61 273
CBIR 17 62 237
CBIR 17 63 234
CBIR 17 64 289
CBIR 17 65 122
CBIR 17 66 109
CBIR 17 67 133
CBIR 17 68 195
CBIR 17 69 331
CBIR 17 70 198
CBIR 17 71 230
CBIR 17 72 277
CBIR 17 73 243
CBIR 17 74 211
CBIR 17 75 214
CBIR 17 76 188
CBIR 17 77 149
CBIR 17 78 269
CBIR 17 79 240
CBIR 17 80 338
CBIR 17 81 563
CBIR 17 82 155
CBIR 17 83 148
CBIR 17 84 175
CBIR 17 85 137
CBIR 17 86 313
CBIR 17 87 124
CBIR 17 88 197
CBIR 17 89 283
CBIR 17 90 266
CBIR 17 91 173
CBIR 17 92 281
CBIR 17 93 272
CBIR 17 94 289
CBIR 17 95 335
CBIR 17 96 334
CBIR 17 97 131
CBIR 17 98 233
CBIR 17 99 120
UCB 17 0 1000
UCB 17 1 1000
UCB 17 2 1000
UCB 17 3 397
UCB 17 4 590
UCB 17 5 382
UCB 17 6 192
UCB 17 7 170
UCB 17 8 155
UCB 17 9 283
UCB 17 10 155
UCB 17 11 248
UCB 17 12 275
UCB 17 13 190
UCB 17 14 213
UCB 17 15 119
UCB 17 16 149
UCB 17 17 229
UCB 17 18 353
UCB 17 19 175
UCB 17 20 159
UCB 17 21 238
UCB 17 22 220
UCB 17 23 462
UCB 17 24 345
UCB 17 25 231
UCB 17 26 115
UCB 17 27 262
UCB 17 28 208
UCB 17 29 191
UCB 17 30 179
UCB 17 31 169
UCB 17 32 268
UCB 17 33 209
UCB 17 34 170
UCB 17 35 157
UCB 17 36 183
UCB 17 37 173
UCB 17 38 302
UCB 17 39 344
UCB 17 40 171
UCB 17 41 311
UCB 17 42 236
UCB 17 43 239
UCB 17 44 332
UCB 17 45 275
UCB 17 46 218
UCB 17 47 130
UCB 17 48 144
UCB 17 49 150
UCB 17 50 129
UCB 17 51 187
UCB 17 52 220
UCB 17 53 369
UCB 17 54 203
UCB 17 55 254
UCB 17 56 159
UCB 17 57 322
UCB 17 58 251
UCB 17 59 395
UCB 17 60 203
UCB 17 61 271
UCB 17 62 318
UCB 17 63 344
UCB 17 64 480
UCB 17 65 228
UCB 17 66 178
UCB 17 67 350
UCB 17 68 163
UCB 17 69 234
UCB 17 70 265
UCB 17 71 199
UCB 17 72 170
UCB 17 73 223
UCB 17 74 158
UCB 17 75 176
UCB 17 76 153
UCB 17 77 195
UCB 17 78 325
UCB 17 79 426
UCB 17 80 192
UCB 17 81 161
UCB 17 82 307
UCB 17 83 375
UCB 17 84 524
UCB 17 85 1000
UCB 17 86 789
UCB 17 87 535
UCB 17 88 279
UCB 17 89 139
UCB 17 90 139
UCB 17 91 199
UCB 17 92 310
UCB 17 93 212
UCB 17 94 375
UCB 17 95 373
UCB 17 96 239
UCB 17 97 144
UCB 17 98 160
UCB 17 99 379
CBIR 18 0 1000
CBIR 18 1 1000
CBIR 18 2 1000
CBIR 18 3 1000
CBIR 18 4 552
CBIR 18 5 218
CBIR 18 6 369
CBIR 18 7 357
CBIR 18 8 313
CBIR 18 9 222
CBIR 18 10 233
CBIR 18 11 181
CBIR 18 12 169
CBIR 18 13 237
CBIR 18 14 440
CBIR 18 15 269
CBIR 18 16 186
CBIR 18 17 158
CBIR 18 18 167
CBIR 18 19 368
CBIR 18 20 145
CBIR 18 21 245
CBIR 18 22 223
CBIR 18 23 100
CBIR 18 24 248
CBIR 18 25 243
CBIR 18 26 256
CBIR 18 27 259
CBIR 18 28 196
CBIR 18 29 181
CBIR 18 30 201
CBIR 18 31 287
CBIR 18 32 189
CBIR 18 33 169
CBIR 18 34 274
CBIR 18 35 374
CBIR 18 36 259
CBIR 18 37 320
CBIR 18 38 378
CBIR 18 39 277
CBIR 18 40 172
CBIR 18 41 257
CBIR 18 42 260
CBIR 18 43 159
CBIR 18 44 163
CBIR 18 45 123
CBIR 18 46 241
CBIR 18 47 269
CBIR 18 48 199
CBIR 18 49 259
CBIR 18 50 302
CBIR 18 51 276
CBIR 18 52 159
CBIR 18 53 270
CBIR 18 54 168
CBIR 18 55 270
CBIR 18 56 147
CBIR 18 57 271
CBIR 18 58 158
CBIR 18 59 450
CBIR 18 60 139
CBIR 18 61 134
CBIR 18 62 103
CBIR 18 63 249
CBIR 18 64 190
CBIR 18 65 168
CBIR 18 66 141
CBIR 18 67 217
CBIR 18 68 309
CBIR 18 69 209
CBIR 18 70 169
CBIR 18 71 120
CBIR 18 72 148
CBIR 18 73 214
CBIR 18 74 265
CBIR 18 75 188
CBIR 18 76 169
CBIR 18 77 279
CBIR 18 78 251
CBIR 18 79 187
CBIR 18 80 309
CBIR 18 81 259
CBIR 18 82 233
CBIR 18 83 285
CBIR 18 84 279
CBIR 18 85 189
CBIR 18 86 324
CBIR 18 87 316
CBIR 18 88 148
CBIR 18 89 349
CBIR 18 90 278
CBIR 18 91 177
CBIR 18 92 321
CBIR 18 93 309
CBIR 18 94 187
CBIR 18 95 371
CBIR 18 96 291
CBIR 18 97 210
CBIR 18 98 326
CBIR 18 99 148
UCB 18 0 1000
UCB 18 1 1000
UCB 18 2 1000
UCB 18 3 1000
UCB 18 4 784
UCB 18 5 630
UCB 18 6 149
UCB 18 7 284
UCB 18 8 188
UCB 18 9 284
UCB 18 10 165
UCB 18 11 133
UCB 18 12 239
UCB 18 13 151
UCB 18 14 226
UCB 18 15 137
UCB 18 16 196
UCB 18 17 182
UCB 18 18 130
UCB 18 19 119
UCB 18 20 108
UCB 18 21 248
UCB 18 22 192
UCB 18 23 220
UCB 18 24 233
UCB 18 25 194
UCB 18 26 210
UCB 18 27 160
UCB 18 28 126
UCB 18 29 228
UCB 18 30 198
UCB 18 31 197
UCB 18 32 121
UCB 18 33 250
UCB 18 34 157
UCB 18 35 223
UCB 18 36 247
UCB 18 37 189
UCB 18 38 199
UCB 18 39 159
UCB 18 40 172
UCB 18 41 182
UCB 18 42 242
UCB 18 43 227
UCB 18 44 261
UCB 18 45 189
UCB 18 46 133
UCB 18 47 132
UCB 18 48 319
UCB 18 49 274
UCB 18 50 209
UCB 18 51 188
UCB 18 52 214
UCB 18 53 207
UCB 18 54 176
UCB 18 55 159
UCB 18 56 204
UCB 18 57 234
UCB 18 58 218
UCB 18 59 299
UCB 18 60 258
UCB 18 61 360
UCB 18 62 161
UCB 18 63 164
UCB 18 64 222
UCB 18 65 172
UCB 18 66 162
UCB 18 67 502
UCB 18 68 144
UCB 18 69 226
UCB 18 70 189
UCB 18 71 474
UCB 18 72 183
UCB 18 73 98
UCB 18 74 212
UCB 18 75 190
UCB 18 76 370
UCB 18 77 153
UCB 18 78 363
UCB 18 79 263
UCB 18 80 183
UCB 18 81 286
UCB 18 82 262
UCB 18 83 274
UCB 18 84 233
UCB 18 85 220
UCB 18 86 234
UCB 18 87 236
UCB 18 88 397
UCB 18 89 240
UCB 18 90 510
UCB 18 91 483
UCB 18 92 311
UCB 18 93 343
UCB 18 94 499
UCB 18 95 1000
UCB 18 96 402
UCB 18 97 402
UCB 18 98 285
UCB 18 99 325
CBIR 19 0 1000
CBIR 19 1 1000
CBIR 19 2 271
CBIR 19 3 179
CBIR 19 4 229
CBIR 19 5 159
CBIR 19 6 160
CBIR 19 7 237
CBIR 19 8 144
CBIR 19 9 164
CBIR 19 10 259
CBIR 19 11 267
CBIR 19 12 248
CBIR 19 13 95
CBIR 19 14 177
CBIR 19 15 298
CBIR 19 16 91
CBIR 19 17 139
CBIR 19 18 148
CBIR 19 19 138
CBIR 19 20 202
CBIR 19 21 271
CBIR 19 22 154
CBIR 19 23 149
CBIR 19 24 203
CBIR 19 25 225
CBIR 19 26 216
CBIR 19 27 134
CBIR 19 28 267
CBIR 19 29 249
CBIR 19 30 199
CBIR 19 31 222
CBIR 19 32 311
CBIR 19 33 194
CBIR 19 34 180
CBIR 19 35 292
CBIR 19 36 256
CBIR 19 37 150
CBIR 19 38 300
CBIR 19 39 258
CBIR 19 40 249
CBIR 19 41 209
CBIR 19 42 307
CBIR 19 43 239
CBIR 19 44 229
CBIR 19 45 205
CBIR 19 46 383
CBIR 19 47 121
CBIR 19 48 197
CBIR 19 49 189
CBIR 19 50 301
CBIR 19 51 186
CBIR 19 52 310
CBIR 19 53 219
CBIR 19 54 224
CBIR 19 55 156
CBIR 19 56 229
CBIR 19 57 290
CBIR 19 58 351
CBIR 19 59 474
CBIR 19 60 399
CBIR 19 61 416
CBIR 19 62 414
CBIR 19 63 387
CBIR 19 64 291
CBIR 19 65 248
CBIR 19 66 256
CBIR 19 67 169
CBIR 19 68 265
CBIR 19 69 238
CBIR 19 70 398
CBIR 19 71 265
CBIR 19 72 223
CBIR 19 73 180
CBIR 19 74 280
CBIR 19 75 430
CBIR 19 76 527
CBIR 19 77 431
CBIR 19 78 454
CBIR 19 79 129
CBIR 19 80 209
CBIR 19 81 189
CBIR 19 82 284
CBIR 19 83 349
CBIR 19 84 204
CBIR 19 85 483
CBIR 19 86 198
CBIR 19 87 156
CBIR 19 88 359
CBIR 19 89 375
CBIR 19 90 224
CBIR 19 91 198
CBIR 19 92 210
CBIR 19 93 228
CBIR 19 94 97
CBIR 19 95 201
CBIR 19 96 291
CBIR 19 97 180
CBIR 19 98 131
CBIR 19 99 144
UCB 19 0 1000
UCB 19 1 904
UCB 19 2 580
UCB 19 3 308
UCB 19 4 177
UCB 19 5 93
UCB 19 6 150
UCB 19 7 169
UCB 19 8 264
UCB 19 9 60
UCB 19 10 120
UCB 19 11 347
UCB 19 12 155
UCB 19 13 221
UCB 19 14 210
UCB 19 15 161
UCB 19 16 236
UCB 19 17 233
UCB 19 18 365
UCB 19 19 213
UCB 19 20 246
UCB 19 21 208
UCB 19 22 222
UCB 19 23 171
UCB 19 24 343
UCB 19 25 182
UCB 19 26 231
UCB 19 27 242
UCB 19 28 234
UCB 19 29 250
UCB 19 30 237
UCB 19 31 169
UCB 19 32 328
UCB 19 33 234
UCB 19 34 217
UCB 19 35 290
UCB 19 36 441
UCB 19 37 283
UCB 19 38 235
UCB 19 39 253
UCB 19 40 151
UCB 19 41 234
UCB 19 42 122
UCB 19 43 101
UCB 19 44 248
UCB 19 45 303
UCB 19 46 514
UCB 19 47 260
UCB 19 48 218
UCB 19 49 342
UCB 19 50 302
UCB 19 51 203
UCB 19 52 205
UCB 19 53 164
UCB 19 54 360
UCB 19 55 147
UCB 19 56 139
UCB 19 57 172
UCB 19 58 181
UCB 19 59 264
UCB 19 60 279
UCB 19 61 399
UCB 19 62 390
UCB 19 63 309
UCB 19 64 231
UCB 19 65 142
UCB 19 66 274
UCB 19 67 282
UCB 19 68 197
UCB 19 69 159
UCB 19 70 438
UCB 19 71 243
UCB 19 72 185
UCB 19 73 246
UCB 19 74 274
UCB 19 75 249
UCB 19 76 186
UCB 19 77 229
UCB 19 78 199
UCB 19 79 139
UCB 19 80 273
UCB 19 81 156
UCB 19 82 250
UCB 19 83 322
UCB 19 84 358
UCB 19 85 198
UCB 19 86 336
UCB 19 87 339
UCB 19 88 348
UCB 19 89 330
UCB 19 90 289
UCB 19 91 189
UCB 19 92 259
UCB 19 93 351
UCB 19 94 307
UCB 19 95 312
UCB 19 96 267
UCB 19 97 239
UCB 19 98 429
UCB 19 99 391
