CBIR 0 0 1000
CBIR 0 1 1000
CBIR 0 2 1000
CBIR 0 3 1000
CBIR 0 4 1000
CBIR 0 5 1000
CBIR 0 6 1000
CBIR 0 7 1000
CBIR 0 8 1000
CBIR 0 9 1000
CBIR 0 10 1000
CBIR 0 11 1000
CBIR 0 12 1000
CBIR 0 13 1000
CBIR 0 14 1000
CBIR 0 15 1000
CBIR 0 16 1000
CBIR 0 17 1000
CBIR 0 18 1000
CBIR 0 19 1000
CBIR 0 20 1000
CBIR 0 21 609
CBIR 0 22 1000
CBIR 0 23 317
CBIR 0 24 182
CBIR 0 25 196
CBIR 0 26 280
CBIR 0 27 170
CBIR 0 28 202
CBIR 0 29 87
CBIR 0 30 251
CBIR 0 31 120
CBIR 0 32 115
CBIR 0 33 184
CBIR 0 34 75
CBIR 0 35 270
CBIR 0 36 34
CBIR 0 37 294
CBIR 0 38 171
CBIR 0 39 298
CBIR 0 40 133
CBIR 0 41 196
CBIR 0 42 501
CBIR 0 43 195
CBIR 0 44 517
CBIR 0 45 251
CBIR 0 46 529
CBIR 0 47 677
CBIR 0 48 259
CBIR 0 49 261
CBIR 0 50 1000
CBIR 0 51 577
CBIR 0 52 338
CBIR 0 53 583
CBIR 0 54 494
CBIR 0 55 509
CBIR 0 56 294
CBIR 0 57 302
CBIR 0 58 296
CBIR 0 59 228
CBIR 0 60 770
CBIR 0 61 997
CBIR 0 62 593
CBIR 0 63 201
CBIR 0 64 208
CBIR 0 65 1000
CBIR 0 66 215
CBIR 0 67 84
CBIR 0 68 195
CBIR 0 69 297
CBIR 0 70 936
CBIR 0 71 218
CBIR 0 72 44
CBIR 0 73 74
CBIR 0 74 286
CBIR 0 75 584
CBIR 0 76 381
CBIR 0 77 618
CBIR 0 78 467
CBIR 0 79 785
CBIR 0 80 897
CBIR 0 81 345
CBIR 0 82 259
CBIR 0 83 395
CBIR 0 84 502
CBIR 0 85 395
CBIR 0 86 101
CBIR 0 87 766
CBIR 0 88 477
CBIR 0 89 262
CBIR 0 90 388
CBIR 0 91 708
CBIR 0 92 112
CBIR 0 93 176
CBIR 0 94 502
CBIR 0 95 396
CBIR 0 96 558
CBIR 0 97 68
CBIR 0 98 404
CBIR 0 99 959
UCB 0 0 1000
UCB 0 1 937
UCB 0 2 505
UCB 0 3 391
UCB 0 4 272
UCB 0 5 91
UCB 0 6 52
UCB 0 7 107
UCB 0 8 89
UCB 0 9 118
UCB 0 10 140
UCB 0 11 106
UCB 0 12 289
UCB 0 13 114
UCB 0 14 121
UCB 0 15 209
UCB 0 16 348
UCB 0 17 59
UCB 0 18 151
UCB 0 19 78
UCB 0 20 228
UCB 0 21 292
UCB 0 22 63
UCB 0 23 47
UCB 0 24 619
UCB 0 25 350
UCB 0 26 103
UCB 0 27 134
UCB 0 28 165
UCB 0 29 243
UCB 0 30 156
UCB 0 31 154
UCB 0 32 243
UCB 0 33 224
UCB 0 34 274
UCB 0 35 102
UCB 0 36 231
UCB 0 37 80
UCB 0 38 131
UCB 0 39 167
UCB 0 40 179
UCB 0 41 122
UCB 0 42 88
UCB 0 43 291
UCB 0 44 366
UCB 0 45 254
UCB 0 46 444
UCB 0 47 146
UCB 0 48 605
UCB 0 49 90
UCB 0 50 47
UCB 0 51 248
UCB 0 52 224
UCB 0 53 120
UCB 0 54 140
UCB 0 55 218
UCB 0 56 414
UCB 0 57 154
UCB 0 58 40
UCB 0 59 188
UCB 0 60 434
UCB 0 61 147
UCB 0 62 26
UCB 0 63 372
UCB 0 64 397
UCB 0 65 422
UCB 0 66 231
UCB 0 67 488
UCB 0 68 199
UCB 0 69 267
UCB 0 70 396
UCB 0 71 714
UCB 0 72 435
UCB 0 73 242
UCB 0 74 560
UCB 0 75 162
UCB 0 76 676
UCB 0 77 387
UCB 0 78 597
UCB 0 79 221
UCB 0 80 677
UCB 0 81 413
UCB 0 82 724
UCB 0 83 196
UCB 0 84 475
UCB 0 85 351
UCB 0 86 959
UCB 0 87 1000
UCB 0 88 888
UCB 0 89 417
UCB 0 90 216
UCB 0 91 214
UCB 0 92 78
UCB 0 93 271
UCB 0 94 1000
UCB 0 95 1000
UCB 0 96 1000
UCB 0 97 1000
UCB 0 98 1000
UCB 0 99 1000
CBIR 1 0 1000
CBIR 1 1 1000
CBIR 1 2 1000
CBIR 1 3 1000
CBIR 1 4 1000
CBIR 1 5 502
CBIR 1 6 597
CBIR 1 7 348
CBIR 1 8 250
CBIR 1 9 110
CBIR 1 10 292
CBIR 1 11 400
CBIR 1 12 212
CBIR 1 13 186
CBIR 1 14 181
CBIR 1 15 519
CBIR 1 16 326
CBIR 1 17 165
CBIR 1 18 302
CBIR 1 19 197
CBIR 1 20 310
CBIR 1 21 346
CBIR 1 22 719
CBIR 1 23 161
CBIR 1 24 244
CBIR 1 25 514
CBIR 1 26 402
CBIR 1 27 296
CBIR 1 28 1000
CBIR 1 29 698
CBIR 1 30 416
CBIR 1 31 210
CBIR 1 32 77
CBIR 1 33 200
CBIR 1 34 407
CBIR 1 35 96
CBIR 1 36 216
CBIR 1 37 286
CBIR 1 38 98
CBIR 1 39 185
CBIR 1 40 599
CBIR 1 41 299
CBIR 1 42 599
CBIR 1 43 237
CBIR 1 44 36
CBIR 1 45 126
CBIR 1 46 416
CBIR 1 47 385
CBIR 1 48 97
CBIR 1 49 303
CBIR 1 50 396
CBIR 1 51 117
CBIR 1 52 85
CBIR 1 53 391
CBIR 1 54 300
CBIR 1 55 897
CBIR 1 56 405
CBIR 1 57 293
CBIR 1 58 295
CBIR 1 59 309
CBIR 1 60 257
CBIR 1 61 170
CBIR 1 62 179
CBIR 1 63 427
CBIR 1 64 344
CBIR 1 65 190
CBIR 1 66 425
CBIR 1 67 504
CBIR 1 68 112
CBIR 1 69 212
CBIR 1 70 67
CBIR 1 71 495
CBIR 1 72 656
CBIR 1 73 501
CBIR 1 74 841
CBIR 1 75 1000
CBIR 1 76 991
CBIR 1 77 713
CBIR 1 78 94
CBIR 1 79 204
CBIR 1 80 99
CBIR 1 81 495
CBIR 1 82 798
CBIR 1 83 897
CBIR 1 84 1000
CBIR 1 85 162
CBIR 1 86 340
CBIR 1 87 360
CBIR 1 88 458
CBIR 1 89 195
CBIR 1 90 810
CBIR 1 91 168
CBIR 1 92 499
CBIR 1 93 400
CBIR 1 94 454
CBIR 1 95 477
CBIR 1 96 238
CBIR 1 97 429
CBIR 1 98 497
CBIR 1 99 501
UCB 1 0 1000
UCB 1 1 1000
UCB 1 2 1000
UCB 1 3 1000
UCB 1 4 1000
UCB 1 5 1000
UCB 1 6 1000
UCB 1 7 1000
UCB 1 8 1000
UCB 1 9 1000
UCB 1 10 1000
UCB 1 11 1000
UCB 1 12 1000
UCB 1 13 1000
UCB 1 14 824
UCB 1 15 110
UCB 1 16 292
UCB 1 17 192
UCB 1 18 280
UCB 1 19 515
UCB 1 20 92
UCB 1 21 167
UCB 1 22 434
UCB 1 23 186
UCB 1 24 199
UCB 1 25 119
UCB 1 26 84
UCB 1 27 208
UCB 1 28 184
UCB 1 29 302
UCB 1 30 910
UCB 1 31 290
UCB 1 32 396
UCB 1 33 148
UCB 1 34 260
UCB 1 35 180
UCB 1 36 210
UCB 1 37 244
UCB 1 38 224
UCB 1 39 328
UCB 1 40 46
UCB 1 41 261
UCB 1 42 396
UCB 1 43 90
UCB 1 44 110
UCB 1 45 298
UCB 1 46 60
UCB 1 47 184
UCB 1 48 146
UCB 1 49 199
UCB 1 50 213
UCB 1 51 99
UCB 1 52 177
UCB 1 53 140
UCB 1 54 226
UCB 1 55 343
UCB 1 56 341
UCB 1 57 772
UCB 1 58 380
UCB 1 59 180
UCB 1 60 47
UCB 1 61 169
UCB 1 62 105
UCB 1 63 295
UCB 1 64 448
UCB 1 65 165
UCB 1 66 374
UCB 1 67 404
UCB 1 68 115
UCB 1 69 206
UCB 1 70 278
UCB 1 71 370
UCB 1 72 364
UCB 1 73 564
UCB 1 74 516
UCB 1 75 582
UCB 1 76 122
UCB 1 77 235
UCB 1 78 138
UCB 1 79 332
UCB 1 80 272
UCB 1 81 95
UCB 1 82 298
UCB 1 83 193
UCB 1 84 257
UCB 1 85 433
UCB 1 86 513
UCB 1 87 599
UCB 1 88 131
UCB 1 89 268
UCB 1 90 311
UCB 1 91 292
UCB 1 92 354
UCB 1 93 113
UCB 1 94 398
UCB 1 95 45
UCB 1 96 278
UCB 1 97 1000
UCB 1 98 701
UCB 1 99 716
CBIR 2 0 1000
CBIR 2 1 1000
CBIR 2 2 1000
CBIR 2 3 1000
CBIR 2 4 1000
CBIR 2 5 1000
CBIR 2 6 1000
CBIR 2 7 1000
CBIR 2 8 1000
CBIR 2 9 1000
CBIR 2 10 1000
CBIR 2 11 1000
CBIR 2 12 1000
CBIR 2 13 1000
CBIR 2 14 1000
CBIR 2 15 1000
CBIR 2 16 1000
CBIR 2 17 1000
CBIR 2 18 1000
CBIR 2 19 1000
CBIR 2 20 1000
CBIR 2 21 1000
CBIR 2 22 1000
CBIR 2 23 1000
CBIR 2 24 1000
CBIR 2 25 1000
CBIR 2 26 1000
CBIR 2 27 1000
CBIR 2 28 1000
CBIR 2 29 1000
CBIR 2 30 1000
CBIR 2 31 1000
CBIR 2 32 1000
CBIR 2 33 1000
CBIR 2 34 1000
CBIR 2 35 1000
CBIR 2 36 1000
CBIR 2 37 1000
CBIR 2 38 1000
CBIR 2 39 1000
CBIR 2 40 1000
CBIR 2 41 1000
CBIR 2 42 1000
CBIR 2 43 1000
CBIR 2 44 1000
CBIR 2 45 1000
CBIR 2 46 1000
CBIR 2 47 605
CBIR 2 48 243
CBIR 2 49 151
CBIR 2 50 298
CBIR 2 51 227
CBIR 2 52 596
CBIR 2 53 277
CBIR 2 54 214
CBIR 2 55 86
CBIR 2 56 377
CBIR 2 57 128
CBIR 2 58 188
CBIR 2 59 599
CBIR 2 60 100
CBIR 2 61 136
CBIR 2 62 760
CBIR 2 63 302
CBIR 2 64 102
CBIR 2 65 493
CBIR 2 66 404
CBIR 2 67 295
CBIR 2 68 403
CBIR 2 69 684
CBIR 2 70 112
CBIR 2 71 292
CBIR 2 72 50
CBIR 2 73 72
CBIR 2 74 181
CBIR 2 75 135
CBIR 2 76 195
CBIR 2 77 249
CBIR 2 78 515
CBIR 2 79 299
CBIR 2 80 205
CBIR 2 81 197
CBIR 2 82 300
CBIR 2 83 294
CBIR 2 84 452
CBIR 2 85 236
CBIR 2 86 318
CBIR 2 87 657
CBIR 2 88 605
CBIR 2 89 335
CBIR 2 90 393
CBIR 2 91 1000
CBIR 2 92 147
CBIR 2 93 76
CBIR 2 94 532
CBIR 2 95 275
CBIR 2 96 145
CBIR 2 97 219
CBIR 2 98 496
CBIR 2 99 110
UCB 2 0 1000
UCB 2 1 410
UCB 2 2 495
UCB 2 3 156
UCB 2 4 137
UCB 2 5 405
UCB 2 6 38
UCB 2 7 313
UCB 2 8 158
UCB 2 9 90
UCB 2 10 29
UCB 2 11 44
UCB 2 12 143
UCB 2 13 109
UCB 2 14 266
UCB 2 15 68
UCB 2 16 89
UCB 2 17 134
UCB 2 18 109
UCB 2 19 37
UCB 2 20 351
UCB 2 21 516
UCB 2 22 586
UCB 2 23 201
UCB 2 24 120
UCB 2 25 214
UCB 2 26 208
UCB 2 27 175
UCB 2 28 104
UCB 2 29 179
UCB 2 30 98
UCB 2 31 112
UCB 2 32 298
UCB 2 33 85
UCB 2 34 153
UCB 2 35 216
UCB 2 36 218
UCB 2 37 506
UCB 2 38 115
UCB 2 39 123
UCB 2 40 262
UCB 2 41 596
UCB 2 42 106
UCB 2 43 190
UCB 2 44 98
UCB 2 45 137
UCB 2 46 67
UCB 2 47 68
UCB 2 48 449
UCB 2 49 171
UCB 2 50 627
UCB 2 51 371
UCB 2 52 355
UCB 2 53 443
UCB 2 54 165
UCB 2 55 119
UCB 2 56 243
UCB 2 57 292
UCB 2 58 120
UCB 2 59 460
UCB 2 60 494
UCB 2 61 248
UCB 2 62 266
UCB 2 63 347
UCB 2 64 74
UCB 2 65 416
UCB 2 66 141
UCB 2 67 431
UCB 2 68 96
UCB 2 69 373
UCB 2 70 116
UCB 2 71 281
UCB 2 72 62
UCB 2 73 278
UCB 2 74 229
UCB 2 75 174
UCB 2 76 388
UCB 2 77 271
UCB 2 78 104
UCB 2 79 216
UCB 2 80 281
UCB 2 81 198
UCB 2 82 449
UCB 2 83 266
UCB 2 84 279
UCB 2 85 338
UCB 2 86 308
UCB 2 87 166
UCB 2 88 337
UCB 2 89 361
UCB 2 90 542
UCB 2 91 139
UCB 2 92 793
UCB 2 93 524
UCB 2 94 227
UCB 2 95 598
UCB 2 96 228
UCB 2 97 389
UCB 2 98 129
UCB 2 99 399
CBIR 3 0 1000
CBIR 3 1 1000
CBIR 3 2 1000
CBIR 3 3 1000
CBIR 3 4 1000
CBIR 3 5 1000
CBIR 3 6 1000
CBIR 3 7 1000
CBIR 3 8 1000
CBIR 3 9 1000
CBIR 3 10 1000
CBIR 3 11 1000
CBIR 3 12 1000
CBIR 3 13 1000
CBIR 3 14 1000
CBIR 3 15 1000
CBIR 3 16 1000
CBIR 3 17 1000
CBIR 3 18 1000
CBIR 3 19 1000
CBIR 3 20 1000
CBIR 3 21 1000
CBIR 3 22 1000
CBIR 3 23 1000
CBIR 3 24 1000
CBIR 3 25 1000
CBIR 3 26 407
CBIR 3 27 293
CBIR 3 28 60
CBIR 3 29 145
CBIR 3 30 94
CBIR 3 31 229
CBIR 3 32 135
CBIR 3 33 245
CBIR 3 34 225
CBIR 3 35 688
CBIR 3 36 371
CBIR 3 37 298
CBIR 3 38 217
CBIR 3 39 461
CBIR 3 40 337
CBIR 3 41 232
CBIR 3 42 348
CBIR 3 43 298
CBIR 3 44 325
CBIR 3 45 591
CBIR 3 46 216
CBIR 3 47 301
CBIR 3 48 32
CBIR 3 49 435
CBIR 3 50 93
CBIR 3 51 302
CBIR 3 52 894
CBIR 3 53 620
CBIR 3 54 300
CBIR 3 55 100
CBIR 3 56 526
CBIR 3 57 354
CBIR 3 58 395
CBIR 3 59 502
CBIR 3 60 212
CBIR 3 61 385
CBIR 3 62 312
CBIR 3 63 228
CBIR 3 64 145
CBIR 3 65 134
CBIR 3 66 479
CBIR 3 67 177
CBIR 3 68 318
CBIR 3 69 239
CBIR 3 70 233
CBIR 3 71 42
CBIR 3 72 382
CBIR 3 73 67
CBIR 3 74 178
CBIR 3 75 59
CBIR 3 76 487
CBIR 3 77 345
CBIR 3 78 318
CBIR 3 79 50
CBIR 3 80 161
CBIR 3 81 157
CBIR 3 82 779
CBIR 3 83 393
CBIR 3 84 493
CBIR 3 85 43
CBIR 3 86 777
CBIR 3 87 380
CBIR 3 88 298
CBIR 3 89 856
CBIR 3 90 242
CBIR 3 91 197
CBIR 3 92 548
CBIR 3 93 52
CBIR 3 94 387
CBIR 3 95 135
CBIR 3 96 274
CBIR 3 97 210
CBIR 3 98 461
CBIR 3 99 231
UCB 3 0 1000
UCB 3 1 1000
UCB 3 2 559
UCB 3 3 176
UCB 3 4 54
UCB 3 5 280
UCB 3 6 90
UCB 3 7 59
UCB 3 8 187
UCB 3 9 258
UCB 3 10 48
UCB 3 11 116
UCB 3 12 167
UCB 3 13 103
UCB 3 14 495
UCB 3 15 306
UCB 3 16 106
UCB 3 17 191
UCB 3 18 147
UCB 3 19 68
UCB 3 20 83
UCB 3 21 92
UCB 3 22 110
UCB 3 23 67
UCB 3 24 123
UCB 3 25 64
UCB 3 26 121
UCB 3 27 355
UCB 3 28 152
UCB 3 29 108
UCB 3 30 208
UCB 3 31 61
UCB 3 32 162
UCB 3 33 76
UCB 3 34 173
UCB 3 35 414
UCB 3 36 489
UCB 3 37 85
UCB 3 38 115
UCB 3 39 125
UCB 3 40 189
UCB 3 41 198
UCB 3 42 299
UCB 3 43 387
UCB 3 44 109
UCB 3 45 115
UCB 3 46 278
UCB 3 47 137
UCB 3 48 225
UCB 3 49 356
UCB 3 50 154
UCB 3 51 100
UCB 3 52 139
UCB 3 53 177
UCB 3 54 198
UCB 3 55 194
UCB 3 56 519
UCB 3 57 72
UCB 3 58 164
UCB 3 59 239
UCB 3 60 309
UCB 3 61 190
UCB 3 62 515
UCB 3 63 65
UCB 3 64 381
UCB 3 65 137
UCB 3 66 100
UCB 3 67 229
UCB 3 68 268
UCB 3 69 330
UCB 3 70 475
UCB 3 71 141
UCB 3 72 247
UCB 3 73 400
UCB 3 74 315
UCB 3 75 276
UCB 3 76 63
UCB 3 77 70
UCB 3 78 53
UCB 3 79 320
UCB 3 80 118
UCB 3 81 298
UCB 3 82 292
UCB 3 83 386
UCB 3 84 314
UCB 3 85 383
UCB 3 86 928
UCB 3 87 930
UCB 3 88 239
UCB 3 89 506
UCB 3 90 308
UCB 3 91 285
UCB 3 92 428
UCB 3 93 267
UCB 3 94 413
UCB 3 95 691
UCB 3 96 212
UCB 3 97 392
UCB 3 98 347
UCB 3 99 323
CBIR 4 0 1000
CBIR 4 1 1000
CBIR 4 2 1000
CBIR 4 3 1000
CBIR 4 4 1000
CBIR 4 5 1000
CBIR 4 6 1000
CBIR 4 7 1000
CBIR 4 8 1000
CBIR 4 9 1000
CBIR 4 10 1000
CBIR 4 11 1000
CBIR 4 12 1000
CBIR 4 13 1000
CBIR 4 14 1000
CBIR 4 15 1000
CBIR 4 16 1000
CBIR 4 17 1000
CBIR 4 18 1000
CBIR 4 19 1000
CBIR 4 20 1000
CBIR 4 21 1000
CBIR 4 22 1000
CBIR 4 23 1000
CBIR 4 24 1000
CBIR 4 25 727
CBIR 4 26 1000
CBIR 4 27 946
CBIR 4 28 228
CBIR 4 29 78
CBIR 4 30 125
CBIR 4 31 291
CBIR 4 32 399
CBIR 4 33 412
CBIR 4 34 190
CBIR 4 35 106
CBIR 4 36 289
CBIR 4 37 235
CBIR 4 38 173
CBIR 4 39 776
CBIR 4 40 379
CBIR 4 41 134
CBIR 4 42 99
CBIR 4 43 497
CBIR 4 44 251
CBIR 4 45 450
CBIR 4 46 38
CBIR 4 47 256
CBIR 4 48 99
CBIR 4 49 207
CBIR 4 50 172
CBIR 4 51 322
CBIR 4 52 304
CBIR 4 53 201
CBIR 4 54 188
CBIR 4 55 103
CBIR 4 56 125
CBIR 4 57 570
CBIR 4 58 442
CBIR 4 59 458
CBIR 4 60 198
CBIR 4 61 197
CBIR 4 62 401
CBIR 4 63 197
CBIR 4 64 201
CBIR 4 65 751
CBIR 4 66 500
CBIR 4 67 624
CBIR 4 68 831
CBIR 4 69 212
CBIR 4 70 390
CBIR 4 71 883
CBIR 4 72 370
CBIR 4 73 253
CBIR 4 74 124
CBIR 4 75 250
CBIR 4 76 485
CBIR 4 77 813
CBIR 4 78 538
CBIR 4 79 236
CBIR 4 80 127
CBIR 4 81 394
CBIR 4 82 924
CBIR 4 83 681
CBIR 4 84 493
CBIR 4 85 743
CBIR 4 86 264
CBIR 4 87 599
CBIR 4 88 399
CBIR 4 89 489
CBIR 4 90 461
CBIR 4 91 842
CBIR 4 92 295
CBIR 4 93 203
CBIR 4 94 466
CBIR 4 95 335
CBIR 4 96 297
CBIR 4 97 219
CBIR 4 98 174
CBIR 4 99 201
UCB 4 0 1000
UCB 4 1 1000
UCB 4 2 1000
UCB 4 3 1000
UCB 4 4 1000
UCB 4 5 1000
UCB 4 6 1000
UCB 4 7 1000
UCB 4 8 1000
UCB 4 9 1000
UCB 4 10 130
UCB 4 11 79
UCB 4 12 90
UCB 4 13 208
UCB 4 14 102
UCB 4 15 405
UCB 4 16 283
UCB 4 17 202
UCB 4 18 196
UCB 4 19 204
UCB 4 20 199
UCB 4 21 60
UCB 4 22 151
UCB 4 23 85
UCB 4 24 154
UCB 4 25 196
UCB 4 26 154
UCB 4 27 699
UCB 4 28 575
UCB 4 29 211
UCB 4 30 246
UCB 4 31 62
UCB 4 32 436
UCB 4 33 363
UCB 4 34 87
UCB 4 35 149
UCB 4 36 299
UCB 4 37 365
UCB 4 38 403
UCB 4 39 164
UCB 4 40 249
UCB 4 41 363
UCB 4 42 303
UCB 4 43 129
UCB 4 44 368
UCB 4 45 670
UCB 4 46 234
UCB 4 47 594
UCB 4 48 499
UCB 4 49 143
UCB 4 50 551
UCB 4 51 313
UCB 4 52 201
UCB 4 53 396
UCB 4 54 587
UCB 4 55 185
UCB 4 56 335
UCB 4 57 1000
UCB 4 58 235
UCB 4 59 1000
UCB 4 60 238
UCB 4 61 603
UCB 4 62 604
UCB 4 63 35
UCB 4 64 657
UCB 4 65 390
UCB 4 66 225
UCB 4 67 620
UCB 4 68 561
UCB 4 69 499
UCB 4 70 386
UCB 4 71 178
UCB 4 72 308
UCB 4 73 224
UCB 4 74 213
UCB 4 75 384
UCB 4 76 308
UCB 4 77 292
UCB 4 78 687
UCB 4 79 385
UCB 4 80 401
UCB 4 81 327
UCB 4 82 241
UCB 4 83 563
UCB 4 84 489
UCB 4 85 403
UCB 4 86 500
UCB 4 87 594
UCB 4 88 395
UCB 4 89 503
UCB 4 90 570
UCB 4 91 182
UCB 4 92 237
UCB 4 93 159
UCB 4 94 66
UCB 4 95 269
UCB 4 96 226
UCB 4 97 552
UCB 4 98 182
UCB 4 99 347
CBIR 5 0 1000
CBIR 5 1 1000
CBIR 5 2 1000
CBIR 5 3 1000
CBIR 5 4 804
CBIR 5 5 1000
CBIR 5 6 211
CBIR 5 7 483
CBIR 5 8 307
CBIR 5 9 901
CBIR 5 10 134
CBIR 5 11 258
CBIR 5 12 234
CBIR 5 13 170
CBIR 5 14 64
CBIR 5 15 425
CBIR 5 16 198
CBIR 5 17 400
CBIR 5 18 498
CBIR 5 19 328
CBIR 5 20 538
CBIR 5 21 341
CBIR 5 22 362
CBIR 5 23 427
CBIR 5 24 499
CBIR 5 25 211
CBIR 5 26 518
CBIR 5 27 218
CBIR 5 28 582
CBIR 5 29 365
CBIR 5 30 407
CBIR 5 31 392
CBIR 5 32 301
CBIR 5 33 52
CBIR 5 34 445
CBIR 5 35 55
CBIR 5 36 746
CBIR 5 37 501
CBIR 5 38 895
CBIR 5 39 63
CBIR 5 40 534
CBIR 5 41 104
CBIR 5 42 237
CBIR 5 43 359
CBIR 5 44 395
CBIR 5 45 116
CBIR 5 46 782
CBIR 5 47 506
CBIR 5 48 494
CBIR 5 49 175
CBIR 5 50 422
CBIR 5 51 246
CBIR 5 52 250
CBIR 5 53 627
CBIR 5 54 387
CBIR 5 55 584
CBIR 5 56 199
CBIR 5 57 398
CBIR 5 58 47
CBIR 5 59 53
CBIR 5 60 296
CBIR 5 61 264
CBIR 5 62 336
CBIR 5 63 454
CBIR 5 64 150
CBIR 5 65 294
CBIR 5 66 300
CBIR 5 67 70
CBIR 5 68 205
CBIR 5 69 225
CBIR 5 70 411
CBIR 5 71 226
CBIR 5 72 258
CBIR 5 73 496
CBIR 5 74 102
CBIR 5 75 328
CBIR 5 76 268
CBIR 5 77 197
CBIR 5 78 299
CBIR 5 79 746
CBIR 5 80 254
CBIR 5 81 233
CBIR 5 82 266
CBIR 5 83 498
CBIR 5 84 297
CBIR 5 85 421
CBIR 5 86 183
CBIR 5 87 594
CBIR 5 88 305
CBIR 5 89 393
CBIR 5 90 246
CBIR 5 91 85
CBIR 5 92 567
CBIR 5 93 397
CBIR 5 94 699
CBIR 5 95 524
CBIR 5 96 585
CBIR 5 97 260
CBIR 5 98 272
CBIR 5 99 457
UCB 5 0 688
UCB 5 1 384
UCB 5 2 276
UCB 5 3 489
UCB 5 4 191
UCB 5 5 90
UCB 5 6 180
UCB 5 7 31
UCB 5 8 192
UCB 5 9 108
UCB 5 10 129
UCB 5 11 65
UCB 5 12 50
UCB 5 13 36
UCB 5 14 63
UCB 5 15 120
UCB 5 16 115
UCB 5 17 321
UCB 5 18 42
UCB 5 19 111
UCB 5 20 198
UCB 5 21 479
UCB 5 22 65
UCB 5 23 33
UCB 5 24 444
UCB 5 25 38
UCB 5 26 65
UCB 5 27 183
UCB 5 28 88
UCB 5 29 184
UCB 5 30 137
UCB 5 31 138
UCB 5 32 108
UCB 5 33 110
UCB 5 34 286
UCB 5 35 174
UCB 5 36 171
UCB 5 37 154
UCB 5 38 327
UCB 5 39 250
UCB 5 40 146
UCB 5 41 77
UCB 5 42 147
UCB 5 43 129
UCB 5 44 239
UCB 5 45 32
UCB 5 46 54
UCB 5 47 346
UCB 5 48 58
UCB 5 49 544
UCB 5 50 265
UCB 5 51 101
UCB 5 52 129
UCB 5 53 226
UCB 5 54 43
UCB 5 55 175
UCB 5 56 467
UCB 5 57 160
UCB 5 58 190
UCB 5 59 22
UCB 5 60 291
UCB 5 61 121
UCB 5 62 180
UCB 5 63 416
UCB 5 64 367
UCB 5 65 130
UCB 5 66 216
UCB 5 67 351
UCB 5 68 257
UCB 5 69 249
UCB 5 70 190
UCB 5 71 389
UCB 5 72 234
UCB 5 73 253
UCB 5 74 153
UCB 5 75 77
UCB 5 76 262
UCB 5 77 134
UCB 5 78 286
UCB 5 79 625
UCB 5 80 441
UCB 5 81 167
UCB 5 82 366
UCB 5 83 118
UCB 5 84 209
UCB 5 85 224
UCB 5 86 176
UCB 5 87 355
UCB 5 88 140
UCB 5 89 347
UCB 5 90 324
UCB 5 91 139
UCB 5 92 159
UCB 5 93 211
UCB 5 94 546
UCB 5 95 497
UCB 5 96 214
UCB 5 97 226
UCB 5 98 503
UCB 5 99 564
CBIR 6 0 1000
CBIR 6 1 1000
CBIR 6 2 702
CBIR 6 3 1000
CBIR 6 4 991
CBIR 6 5 676
CBIR 6 6 470
CBIR 6 7 58
CBIR 6 8 186
CBIR 6 9 520
CBIR 6 10 231
CBIR 6 11 140
CBIR 6 12 213
CBIR 6 13 267
CBIR 6 14 90
CBIR 6 15 377
CBIR 6 16 500
CBIR 6 17 78
CBIR 6 18 314
CBIR 6 19 96
CBIR 6 20 331
CBIR 6 21 242
CBIR 6 22 302
CBIR 6 23 399
CBIR 6 24 431
CBIR 6 25 24
CBIR 6 26 153
CBIR 6 27 285
CBIR 6 28 602
CBIR 6 29 179
CBIR 6 30 116
CBIR 6 31 405
CBIR 6 32 598
CBIR 6 33 178
CBIR 6 34 302
CBIR 6 35 247
CBIR 6 36 164
CBIR 6 37 150
CBIR 6 38 152
CBIR 6 39 120
CBIR 6 40 481
CBIR 6 41 394
CBIR 6 42 98
CBIR 6 43 300
CBIR 6 44 102
CBIR 6 45 98
CBIR 6 46 596
CBIR 6 47 171
CBIR 6 48 571
CBIR 6 49 357
CBIR 6 50 57
CBIR 6 51 163
CBIR 6 52 474
CBIR 6 53 754
CBIR 6 54 150
CBIR 6 55 294
CBIR 6 56 398
CBIR 6 57 830
CBIR 6 58 768
CBIR 6 59 387
CBIR 6 60 414
CBIR 6 61 198
CBIR 6 62 210
CBIR 6 63 93
CBIR 6 64 802
CBIR 6 65 390
CBIR 6 66 498
CBIR 6 67 469
CBIR 6 68 230
CBIR 6 69 298
CBIR 6 70 231
CBIR 6 71 285
CBIR 6 72 284
CBIR 6 73 100
CBIR 6 74 299
CBIR 6 75 100
CBIR 6 76 368
CBIR 6 77 155
CBIR 6 78 472
CBIR 6 79 538
CBIR 6 80 122
CBIR 6 81 290
CBIR 6 82 346
CBIR 6 83 298
CBIR 6 84 139
CBIR 6 85 370
CBIR 6 86 213
CBIR 6 87 752
CBIR 6 88 421
CBIR 6 89 402
CBIR 6 90 394
CBIR 6 91 587
CBIR 6 92 435
CBIR 6 93 176
CBIR 6 94 51
CBIR 6 95 739
CBIR 6 96 482
CBIR 6 97 934
CBIR 6 98 301
CBIR 6 99 386
UCB 6 0 92
UCB 6 1 36
UCB 6 2 154
UCB 6 3 145
UCB 6 4 109
UCB 6 5 41
UCB 6 6 63
UCB 6 7 178
UCB 6 8 108
UCB 6 9 69
UCB 6 10 133
UCB 6 11 192
UCB 6 12 288
UCB 6 13 86
UCB 6 14 371
UCB 6 15 46
UCB 6 16 149
UCB 6 17 235
UCB 6 18 103
UCB 6 19 29
UCB 6 20 310
UCB 6 21 421
UCB 6 22 644
UCB 6 23 190
UCB 6 24 186
UCB 6 25 219
UCB 6 26 277
UCB 6 27 104
UCB 6 28 296
UCB 6 29 111
UCB 6 30 262
UCB 6 31 107
UCB 6 32 40
UCB 6 33 75
UCB 6 34 105
UCB 6 35 291
UCB 6 36 162
UCB 6 37 182
UCB 6 38 133
UCB 6 39 125
UCB 6 40 299
UCB 6 41 297
UCB 6 42 310
UCB 6 43 148
UCB 6 44 178
UCB 6 45 161
UCB 6 46 165
UCB 6 47 141
UCB 6 48 386
UCB 6 49 211
UCB 6 50 326
UCB 6 51 138
UCB 6 52 270
UCB 6 53 180
UCB 6 54 397
UCB 6 55 236
UCB 6 56 262
UCB 6 57 148
UCB 6 58 345
UCB 6 59 274
UCB 6 60 82
UCB 6 61 319
UCB 6 62 32
UCB 6 63 33
UCB 6 64 331
UCB 6 65 91
UCB 6 66 154
UCB 6 67 552
UCB 6 68 688
UCB 6 69 653
UCB 6 70 279
UCB 6 71 177
UCB 6 72 305
UCB 6 73 394
UCB 6 74 214
UCB 6 75 139
UCB 6 76 842
UCB 6 77 306
UCB 6 78 58
UCB 6 79 434
UCB 6 80 343
UCB 6 81 359
UCB 6 82 395
UCB 6 83 299
UCB 6 84 74
UCB 6 85 242
UCB 6 86 619
UCB 6 87 294
UCB 6 88 194
UCB 6 89 89
UCB 6 90 294
UCB 6 91 126
UCB 6 92 462
UCB 6 93 499
UCB 6 94 497
UCB 6 95 333
UCB 6 96 80
UCB 6 97 390
UCB 6 98 338
UCB 6 99 552
CBIR 7 0 1000
CBIR 7 1 1000
CBIR 7 2 1000
CBIR 7 3 1000
CBIR 7 4 1000
CBIR 7 5 1000
CBIR 7 6 1000
CBIR 7 7 1000
CBIR 7 8 1000
CBIR 7 9 1000
CBIR 7 10 1000
CBIR 7 11 629
CBIR 7 12 894
CBIR 7 13 421
CBIR 7 14 280
CBIR 7 15 404
CBIR 7 16 87
CBIR 7 17 279
CBIR 7 18 310
CBIR 7 19 246
CBIR 7 20 30
CBIR 7 21 417
CBIR 7 22 392
CBIR 7 23 804
CBIR 7 24 743
CBIR 7 25 369
CBIR 7 26 368
CBIR 7 27 153
CBIR 7 28 92
CBIR 7 29 123
CBIR 7 30 141
CBIR 7 31 306
CBIR 7 32 992
CBIR 7 33 709
CBIR 7 34 1000
CBIR 7 35 94
CBIR 7 36 453
CBIR 7 37 144
CBIR 7 38 295
CBIR 7 39 34
CBIR 7 40 269
CBIR 7 41 306
CBIR 7 42 289
CBIR 7 43 196
CBIR 7 44 419
CBIR 7 45 64
CBIR 7 46 158
CBIR 7 47 357
CBIR 7 48 498
CBIR 7 49 204
CBIR 7 50 320
CBIR 7 51 284
CBIR 7 52 388
CBIR 7 53 301
CBIR 7 54 197
CBIR 7 55 129
CBIR 7 56 249
CBIR 7 57 121
CBIR 7 58 398
CBIR 7 59 398
CBIR 7 60 162
CBIR 7 61 84
CBIR 7 62 100
CBIR 7 63 350
CBIR 7 64 400
CBIR 7 65 253
CBIR 7 66 443
CBIR 7 67 429
CBIR 7 68 474
CBIR 7 69 113
CBIR 7 70 326
CBIR 7 71 260
CBIR 7 72 83
CBIR 7 73 427
CBIR 7 74 280
CBIR 7 75 220
CBIR 7 76 192
CBIR 7 77 186
CBIR 7 78 135
CBIR 7 79 298
CBIR 7 80 534
CBIR 7 81 203
CBIR 7 82 153
CBIR 7 83 559
CBIR 7 84 206
CBIR 7 85 207
CBIR 7 86 795
CBIR 7 87 315
CBIR 7 88 483
CBIR 7 89 229
CBIR 7 90 769
CBIR 7 91 512
CBIR 7 92 287
CBIR 7 93 320
CBIR 7 94 204
CBIR 7 95 236
CBIR 7 96 241
CBIR 7 97 795
CBIR 7 98 1000
CBIR 7 99 348
UCB 7 0 1000
UCB 7 1 1000
UCB 7 2 72
UCB 7 3 737
UCB 7 4 325
UCB 7 5 96
UCB 7 6 97
UCB 7 7 29
UCB 7 8 144
UCB 7 9 106
UCB 7 10 195
UCB 7 11 210
UCB 7 12 299
UCB 7 13 305
UCB 7 14 134
UCB 7 15 267
UCB 7 16 158
UCB 7 17 316
UCB 7 18 65
UCB 7 19 133
UCB 7 20 75
UCB 7 21 437
UCB 7 22 490
UCB 7 23 23
UCB 7 24 66
UCB 7 25 163
UCB 7 26 375
UCB 7 27 139
UCB 7 28 228
UCB 7 29 136
UCB 7 30 75
UCB 7 31 100
UCB 7 32 279
UCB 7 33 452
UCB 7 34 262
UCB 7 35 295
UCB 7 36 278
UCB 7 37 109
UCB 7 38 347
UCB 7 39 223
UCB 7 40 623
UCB 7 41 247
UCB 7 42 167
UCB 7 43 195
UCB 7 44 245
UCB 7 45 89
UCB 7 46 164
UCB 7 47 175
UCB 7 48 225
UCB 7 49 406
UCB 7 50 398
UCB 7 51 1000
UCB 7 52 350
UCB 7 53 227
UCB 7 54 305
UCB 7 55 318
UCB 7 56 257
UCB 7 57 406
UCB 7 58 182
UCB 7 59 84
UCB 7 60 255
UCB 7 61 94
UCB 7 62 169
UCB 7 63 421
UCB 7 64 397
UCB 7 65 42
UCB 7 66 156
UCB 7 67 147
UCB 7 68 645
UCB 7 69 171
UCB 7 70 192
UCB 7 71 172
UCB 7 72 280
UCB 7 73 128
UCB 7 74 164
UCB 7 75 225
UCB 7 76 227
UCB 7 77 269
UCB 7 78 93
UCB 7 79 380
UCB 7 80 193
UCB 7 81 135
UCB 7 82 266
UCB 7 83 216
UCB 7 84 121
UCB 7 85 446
UCB 7 86 68
UCB 7 87 419
UCB 7 88 234
UCB 7 89 495
UCB 7 90 375
UCB 7 91 207
UCB 7 92 133
UCB 7 93 383
UCB 7 94 492
UCB 7 95 595
UCB 7 96 330
UCB 7 97 469
UCB 7 98 724
UCB 7 99 373
CBIR 8 0 1000
CBIR 8 1 1000
CBIR 8 2 1000
CBIR 8 3 1000
CBIR 8 4 850
CBIR 8 5 1000
CBIR 8 6 1000
CBIR 8 7 949
CBIR 8 8 180
CBIR 8 9 476
CBIR 8 10 194
CBIR 8 11 602
CBIR 8 12 68
CBIR 8 13 385
CBIR 8 14 113
CBIR 8 15 377
CBIR 8 16 145
CBIR 8 17 157
CBIR 8 18 399
CBIR 8 19 492
CBIR 8 20 500
CBIR 8 21 598
CBIR 8 22 318
CBIR 8 23 380
CBIR 8 24 422
CBIR 8 25 215
CBIR 8 26 260
CBIR 8 27 347
CBIR 8 28 252
CBIR 8 29 298
CBIR 8 30 200
CBIR 8 31 136
CBIR 8 32 563
CBIR 8 33 451
CBIR 8 34 52
CBIR 8 35 199
CBIR 8 36 114
CBIR 8 37 477
CBIR 8 38 399
CBIR 8 39 55
CBIR 8 40 208
CBIR 8 41 334
CBIR 8 42 153
CBIR 8 43 146
CBIR 8 44 155
CBIR 8 45 51
CBIR 8 46 285
CBIR 8 47 186
CBIR 8 48 434
CBIR 8 49 483
CBIR 8 50 557
CBIR 8 51 340
CBIR 8 52 735
CBIR 8 53 65
CBIR 8 54 318
CBIR 8 55 481
CBIR 8 56 159
CBIR 8 57 337
CBIR 8 58 316
CBIR 8 59 303
CBIR 8 60 280
CBIR 8 61 512
CBIR 8 62 235
CBIR 8 63 450
CBIR 8 64 496
CBIR 8 65 501
CBIR 8 66 997
CBIR 8 67 220
CBIR 8 68 144
CBIR 8 69 252
CBIR 8 70 414
CBIR 8 71 167
CBIR 8 72 399
CBIR 8 73 400
CBIR 8 74 496
CBIR 8 75 129
CBIR 8 76 372
CBIR 8 77 597
CBIR 8 78 341
CBIR 8 79 164
CBIR 8 80 296
CBIR 8 81 100
CBIR 8 82 223
CBIR 8 83 281
CBIR 8 84 290
CBIR 8 85 437
CBIR 8 86 166
CBIR 8 87 292
CBIR 8 88 102
CBIR 8 89 112
CBIR 8 90 299
CBIR 8 91 122
CBIR 8 92 210
CBIR 8 93 361
CBIR 8 94 595
CBIR 8 95 195
CBIR 8 96 594
CBIR 8 97 355
CBIR 8 98 351
CBIR 8 99 454
UCB 8 0 1000
UCB 8 1 1000
UCB 8 2 1000
UCB 8 3 1000
UCB 8 4 1000
UCB 8 5 1000
UCB 8 6 1000
UCB 8 7 1000
UCB 8 8 1000
UCB 8 9 1000
UCB 8 10 1000
UCB 8 11 1000
UCB 8 12 1000
UCB 8 13 1000
UCB 8 14 1000
UCB 8 15 1000
UCB 8 16 1000
UCB 8 17 1000
UCB 8 18 1000
UCB 8 19 1000
UCB 8 20 1000
UCB 8 21 1000
UCB 8 22 1000
UCB 8 23 1000
UCB 8 24 1000
UCB 8 25 1000
UCB 8 26 1000
UCB 8 27 565
UCB 8 28 302
UCB 8 29 335
UCB 8 30 53
UCB 8 31 152
UCB 8 32 125
UCB 8 33 25
UCB 8 34 147
UCB 8 35 190
UCB 8 36 211
UCB 8 37 127
UCB 8 38 269
UCB 8 39 208
UCB 8 40 66
UCB 8 41 215
UCB 8 42 96
UCB 8 43 147
UCB 8 44 153
UCB 8 45 315
UCB 8 46 192
UCB 8 47 68
UCB 8 48 124
UCB 8 49 199
UCB 8 50 393
UCB 8 51 203
UCB 8 52 45
UCB 8 53 352
UCB 8 54 34
UCB 8 55 190
UCB 8 56 174
UCB 8 57 519
UCB 8 58 97
UCB 8 59 219
UCB 8 60 232
UCB 8 61 34
UCB 8 62 35
UCB 8 63 353
UCB 8 64 519
UCB 8 65 44
UCB 8 66 108
UCB 8 67 425
UCB 8 68 73
UCB 8 69 298
UCB 8 70 136
UCB 8 71 83
UCB 8 72 226
UCB 8 73 194
UCB 8 74 289
UCB 8 75 245
UCB 8 76 159
UCB 8 77 158
UCB 8 78 112
UCB 8 79 67
UCB 8 80 426
UCB 8 81 540
UCB 8 82 473
UCB 8 83 281
UCB 8 84 387
UCB 8 85 334
UCB 8 86 199
UCB 8 87 186
UCB 8 88 647
UCB 8 89 914
UCB 8 90 156
UCB 8 91 100
UCB 8 92 168
UCB 8 93 409
UCB 8 94 413
UCB 8 95 407
UCB 8 96 262
UCB 8 97 178
UCB 8 98 227
UCB 8 99 622
CBIR 9 0 1000
CBIR 9 1 1000
CBIR 9 2 1000
CBIR 9 3 1000
CBIR 9 4 1000
CBIR 9 5 1000
CBIR 9 6 1000
CBIR 9 7 1000
CBIR 9 8 1000
CBIR 9 9 1000
CBIR 9 10 1000
CBIR 9 11 1000
CBIR 9 12 1000
CBIR 9 13 1000
CBIR 9 14 801
CBIR 9 15 27
CBIR 9 16 477
CBIR 9 17 392
CBIR 9 18 187
CBIR 9 19 560
CBIR 9 20 173
CBIR 9 21 430
CBIR 9 22 101
CBIR 9 23 143
CBIR 9 24 224
CBIR 9 25 289
CBIR 9 26 448
CBIR 9 27 317
CBIR 9 28 321
CBIR 9 29 301
CBIR 9 30 527
CBIR 9 31 215
CBIR 9 32 250
CBIR 9 33 58
CBIR 9 34 244
CBIR 9 35 237
CBIR 9 36 362
CBIR 9 37 493
CBIR 9 38 94
CBIR 9 39 450
CBIR 9 40 456
CBIR 9 41 458
CBIR 9 42 637
CBIR 9 43 509
CBIR 9 44 308
CBIR 9 45 204
CBIR 9 46 303
CBIR 9 47 192
CBIR 9 48 190
CBIR 9 49 391
CBIR 9 50 142
CBIR 9 51 554
CBIR 9 52 220
CBIR 9 53 377
CBIR 9 54 439
CBIR 9 55 394
CBIR 9 56 504
CBIR 9 57 277
CBIR 9 58 297
CBIR 9 59 216
CBIR 9 60 144
CBIR 9 61 141
CBIR 9 62 298
CBIR 9 63 179
CBIR 9 64 326
CBIR 9 65 472
CBIR 9 66 403
CBIR 9 67 395
CBIR 9 68 205
CBIR 9 69 353
CBIR 9 70 240
CBIR 9 71 395
CBIR 9 72 117
CBIR 9 73 386
CBIR 9 74 372
CBIR 9 75 339
CBIR 9 76 237
CBIR 9 77 1000
CBIR 9 78 257
CBIR 9 79 892
CBIR 9 80 196
CBIR 9 81 200
CBIR 9 82 462
CBIR 9 83 252
CBIR 9 84 131
CBIR 9 85 156
CBIR 9 86 215
CBIR 9 87 376
CBIR 9 88 199
CBIR 9 89 414
CBIR 9 90 284
CBIR 9 91 155
CBIR 9 92 443
CBIR 9 93 399
CBIR 9 94 134
CBIR 9 95 497
CBIR 9 96 81
CBIR 9 97 187
CBIR 9 98 625
CBIR 9 99 370
UCB 9 0 100
UCB 9 1 407
UCB 9 2 43
UCB 9 3 160
UCB 9 4 126
UCB 9 5 130
UCB 9 6 142
UCB 9 7 140
UCB 9 8 87
UCB 9 9 162
UCB 9 10 211
UCB 9 11 92
UCB 9 12 219
UCB 9 13 173
UCB 9 14 84
UCB 9 15 42
UCB 9 16 226
UCB 9 17 166
UCB 9 18 127
UCB 9 19 46
UCB 9 20 714
UCB 9 21 152
UCB 9 22 175
UCB 9 23 248
UCB 9 24 361
UCB 9 25 903
UCB 9 26 510
UCB 9 27 448
UCB 9 28 231
UCB 9 29 94
UCB 9 30 351
UCB 9 31 350
UCB 9 32 28
UCB 9 33 195
UCB 9 34 129
UCB 9 35 166
UCB 9 36 168
UCB 9 37 181
UCB 9 38 203
UCB 9 39 349
UCB 9 40 131
UCB 9 41 424
UCB 9 42 535
UCB 9 43 190
UCB 9 44 545
UCB 9 45 293
UCB 9 46 119
UCB 9 47 354
UCB 9 48 241
UCB 9 49 218
UCB 9 50 62
UCB 9 51 110
UCB 9 52 210
UCB 9 53 150
UCB 9 54 216
UCB 9 55 314
UCB 9 56 405
UCB 9 57 188
UCB 9 58 271
UCB 9 59 235
UCB 9 60 281
UCB 9 61 426
UCB 9 62 324
UCB 9 63 267
UCB 9 64 315
UCB 9 65 284
UCB 9 66 449
UCB 9 67 166
UCB 9 68 777
UCB 9 69 494
UCB 9 70 701
UCB 9 71 98
UCB 9 72 138
UCB 9 73 362
UCB 9 74 111
UCB 9 75 285
UCB 9 76 398
UCB 9 77 600
UCB 9 78 427
UCB 9 79 276
UCB 9 80 231
UCB 9 81 400
UCB 9 82 658
UCB 9 83 233
UCB 9 84 265
UCB 9 85 260
UCB 9 86 472
UCB 9 87 320
UCB 9 88 145
UCB 9 89 998
UCB 9 90 406
UCB 9 91 572
UCB 9 92 423
UCB 9 93 998
UCB 9 94 469
UCB 9 95 777
UCB 9 96 181
UCB 9 97 219
UCB 9 98 243
UCB 9 99 1000
CBIR 10 0 1000
CBIR 10 1 1000
CBIR 10 2 1000
CBIR 10 3 1000
CBIR 10 4 1000
CBIR 10 5 1000
CBIR 10 6 1000
CBIR 10 7 1000
CBIR 10 8 1000
CBIR 10 9 1000
CBIR 10 10 1000
CBIR 10 11 1000
CBIR 10 12 1000
CBIR 10 13 1000
CBIR 10 14 1000
CBIR 10 15 1000
CBIR 10 16 1000
CBIR 10 17 1000
CBIR 10 18 1000
CBIR 10 19 866
CBIR 10 20 636
CBIR 10 21 177
CBIR 10 22 213
CBIR 10 23 264
CBIR 10 24 345
CBIR 10 25 271
CBIR 10 26 421
CBIR 10 27 400
CBIR 10 28 202
CBIR 10 29 197
CBIR 10 30 598
CBIR 10 31 137
CBIR 10 32 132
CBIR 10 33 130
CBIR 10 34 70
CBIR 10 35 331
CBIR 10 36 393
CBIR 10 37 204
CBIR 10 38 394
CBIR 10 39 426
CBIR 10 40 104
CBIR 10 41 106
CBIR 10 42 66
CBIR 10 43 109
CBIR 10 44 76
CBIR 10 45 506
CBIR 10 46 111
CBIR 10 47 268
CBIR 10 48 521
CBIR 10 49 360
CBIR 10 50 536
CBIR 10 51 198
CBIR 10 52 214
CBIR 10 53 684
CBIR 10 54 509
CBIR 10 55 293
CBIR 10 56 209
CBIR 10 57 193
CBIR 10 58 295
CBIR 10 59 314
CBIR 10 60 198
CBIR 10 61 139
CBIR 10 62 46
CBIR 10 63 204
CBIR 10 64 290
CBIR 10 65 345
CBIR 10 66 178
CBIR 10 67 123
CBIR 10 68 349
CBIR 10 69 702
CBIR 10 70 70
CBIR 10 71 226
CBIR 10 72 699
CBIR 10 73 463
CBIR 10 74 154
CBIR 10 75 428
CBIR 10 76 351
CBIR 10 77 401
CBIR 10 78 929
CBIR 10 79 368
CBIR 10 80 698
CBIR 10 81 295
CBIR 10 82 85
CBIR 10 83 217
CBIR 10 84 211
CBIR 10 85 258
CBIR 10 86 133
CBIR 10 87 504
CBIR 10 88 190
CBIR 10 89 325
CBIR 10 90 278
CBIR 10 91 128
CBIR 10 92 253
CBIR 10 93 231
CBIR 10 94 241
CBIR 10 95 47
CBIR 10 96 466
CBIR 10 97 426
CBIR 10 98 797
CBIR 10 99 198
UCB 10 0 1000
UCB 10 1 1000
UCB 10 2 1000
UCB 10 3 147
UCB 10 4 360
UCB 10 5 37
UCB 10 6 68
UCB 10 7 47
UCB 10 8 153
UCB 10 9 121
UCB 10 10 204
UCB 10 11 59
UCB 10 12 306
UCB 10 13 290
UCB 10 14 157
UCB 10 15 243
UCB 10 16 396
UCB 10 17 164
UCB 10 18 79
UCB 10 19 127
UCB 10 20 205
UCB 10 21 57
UCB 10 22 72
UCB 10 23 102
UCB 10 24 47
UCB 10 25 152
UCB 10 26 58
UCB 10 27 239
UCB 10 28 35
UCB 10 29 279
UCB 10 30 311
UCB 10 31 410
UCB 10 32 243
UCB 10 33 262
UCB 10 34 49
UCB 10 35 298
UCB 10 36 190
UCB 10 37 71
UCB 10 38 231
UCB 10 39 209
UCB 10 40 108
UCB 10 41 170
UCB 10 42 160
UCB 10 43 122
UCB 10 44 526
UCB 10 45 123
UCB 10 46 323
UCB 10 47 159
UCB 10 48 296
UCB 10 49 597
UCB 10 50 92
UCB 10 51 115
UCB 10 52 443
UCB 10 53 258
UCB 10 54 290
UCB 10 55 222
UCB 10 56 123
UCB 10 57 345
UCB 10 58 400
UCB 10 59 887
UCB 10 60 317
UCB 10 61 188
UCB 10 62 195
UCB 10 63 340
UCB 10 64 450
UCB 10 65 420
UCB 10 66 133
UCB 10 67 95
UCB 10 68 391
UCB 10 69 370
UCB 10 70 290
UCB 10 71 253
UCB 10 72 82
UCB 10 73 390
UCB 10 74 210
UCB 10 75 170
UCB 10 76 471
UCB 10 77 312
UCB 10 78 442
UCB 10 79 383
UCB 10 80 284
UCB 10 81 200
UCB 10 82 620
UCB 10 83 519
UCB 10 84 700
UCB 10 85 361
UCB 10 86 157
UCB 10 87 44
UCB 10 88 158
UCB 10 89 732
UCB 10 90 240
UCB 10 91 130
UCB 10 92 437
UCB 10 93 221
UCB 10 94 269
UCB 10 95 280
UCB 10 96 223
UCB 10 97 120
UCB 10 98 601
UCB 10 99 204
CBIR 11 0 1000
CBIR 11 1 1000
CBIR 11 2 1000
CBIR 11 3 1000
CBIR 11 4 1000
CBIR 11 5 1000
CBIR 11 6 1000
CBIR 11 7 710
CBIR 11 8 447
CBIR 11 9 144
CBIR 11 10 480
CBIR 11 11 74
CBIR 11 12 37
CBIR 11 13 111
CBIR 11 14 129
CBIR 11 15 206
CBIR 11 16 278
CBIR 11 17 282
CBIR 11 18 337
CBIR 11 19 255
CBIR 11 20 97
CBIR 11 21 318
CBIR 11 22 282
CBIR 11 23 127
CBIR 11 24 169
CBIR 11 25 237
CBIR 11 26 363
CBIR 11 27 727
CBIR 11 28 209
CBIR 11 29 65
CBIR 11 30 112
CBIR 11 31 377
CBIR 11 32 203
CBIR 11 33 299
CBIR 11 34 498
CBIR 11 35 216
CBIR 11 36 743
CBIR 11 37 341
CBIR 11 38 96
CBIR 11 39 833
CBIR 11 40 566
CBIR 11 41 138
CBIR 11 42 763
CBIR 11 43 100
CBIR 11 44 694
CBIR 11 45 409
CBIR 11 46 494
CBIR 11 47 296
CBIR 11 48 600
CBIR 11 49 200
CBIR 11 50 692
CBIR 11 51 244
CBIR 11 52 658
CBIR 11 53 388
CBIR 11 54 311
CBIR 11 55 698
CBIR 11 56 32
CBIR 11 57 241
CBIR 11 58 126
CBIR 11 59 496
CBIR 11 60 100
CBIR 11 61 299
CBIR 11 62 400
CBIR 11 63 311
CBIR 11 64 927
CBIR 11 65 457
CBIR 11 66 402
CBIR 11 67 796
CBIR 11 68 700
CBIR 11 69 404
CBIR 11 70 195
CBIR 11 71 867
CBIR 11 72 77
CBIR 11 73 398
CBIR 11 74 476
CBIR 11 75 121
CBIR 11 76 356
CBIR 11 77 197
CBIR 11 78 206
CBIR 11 79 492
CBIR 11 80 201
CBIR 11 81 431
CBIR 11 82 266
CBIR 11 83 216
CBIR 11 84 153
CBIR 11 85 499
CBIR 11 86 229
CBIR 11 87 532
CBIR 11 88 175
CBIR 11 89 311
CBIR 11 90 175
CBIR 11 91 105
CBIR 11 92 93
CBIR 11 93 313
CBIR 11 94 387
CBIR 11 95 299
CBIR 11 96 397
CBIR 11 97 600
CBIR 11 98 199
CBIR 11 99 598
UCB 11 0 1000
UCB 11 1 1000
UCB 11 2 1000
UCB 11 3 1000
UCB 11 4 1000
UCB 11 5 1000
UCB 11 6 463
UCB 11 7 31
UCB 11 8 42
UCB 11 9 317
UCB 11 10 162
UCB 11 11 90
UCB 11 12 334
UCB 11 13 204
UCB 11 14 159
UCB 11 15 296
UCB 11 16 199
UCB 11 17 287
UCB 11 18 317
UCB 11 19 119
UCB 11 20 81
UCB 11 21 287
UCB 11 22 217
UCB 11 23 179
UCB 11 24 399
UCB 11 25 180
UCB 11 26 227
UCB 11 27 293
UCB 11 28 103
UCB 11 29 291
UCB 11 30 425
UCB 11 31 91
UCB 11 32 332
UCB 11 33 224
UCB 11 34 35
UCB 11 35 356
UCB 11 36 134
UCB 11 37 258
UCB 11 38 141
UCB 11 39 116
UCB 11 40 179
UCB 11 41 113
UCB 11 42 44
UCB 11 43 207
UCB 11 44 231
UCB 11 45 407
UCB 11 46 95
UCB 11 47 49
UCB 11 48 346
UCB 11 49 226
UCB 11 50 114
UCB 11 51 198
UCB 11 52 128
UCB 11 53 434
UCB 11 54 412
UCB 11 55 132
UCB 11 56 267
UCB 11 57 143
UCB 11 58 435
UCB 11 59 662
UCB 11 60 237
UCB 11 61 329
UCB 11 62 470
UCB 11 63 699
UCB 11 64 383
UCB 11 65 275
UCB 11 66 152
UCB 11 67 484
UCB 11 68 205
UCB 11 69 494
UCB 11 70 137
UCB 11 71 406
UCB 11 72 113
UCB 11 73 164
UCB 11 74 174
UCB 11 75 200
UCB 11 76 41
UCB 11 77 181
UCB 11 78 374
UCB 11 79 499
UCB 11 80 174
UCB 11 81 238
UCB 11 82 554
UCB 11 83 533
UCB 11 84 229
UCB 11 85 566
UCB 11 86 310
UCB 11 87 696
UCB 11 88 503
UCB 11 89 586
UCB 11 90 199
UCB 11 91 341
UCB 11 92 474
UCB 11 93 583
UCB 11 94 756
UCB 11 95 286
UCB 11 96 272
UCB 11 97 78
UCB 11 98 141
UCB 11 99 308
CBIR 12 0 1000
CBIR 12 1 1000
CBIR 12 2 1000
CBIR 12 3 1000
CBIR 12 4 1000
CBIR 12 5 1000
CBIR 12 6 1000
CBIR 12 7 1000
CBIR 12 8 1000
CBIR 12 9 1000
CBIR 12 10 1000
CBIR 12 11 1000
CBIR 12 12 1000
CBIR 12 13 1000
CBIR 12 14 1000
CBIR 12 15 1000
CBIR 12 16 1000
CBIR 12 17 1000
CBIR 12 18 401
CBIR 12 19 1000
CBIR 12 20 458
CBIR 12 21 332
CBIR 12 22 108
CBIR 12 23 474
CBIR 12 24 312
CBIR 12 25 311
CBIR 12 26 599
CBIR 12 27 817
CBIR 12 28 915
CBIR 12 29 617
CBIR 12 30 448
CBIR 12 31 51
CBIR 12 32 144
CBIR 12 33 417
CBIR 12 34 284
CBIR 12 35 699
CBIR 12 36 918
CBIR 12 37 336
CBIR 12 38 643
CBIR 12 39 696
CBIR 12 40 345
CBIR 12 41 235
CBIR 12 42 321
CBIR 12 43 599
CBIR 12 44 300
CBIR 12 45 360
CBIR 12 46 633
CBIR 12 47 402
CBIR 12 48 575
CBIR 12 49 327
CBIR 12 50 597
CBIR 12 51 401
CBIR 12 52 997
CBIR 12 53 582
CBIR 12 54 418
CBIR 12 55 723
CBIR 12 56 1000
CBIR 12 57 670
CBIR 12 58 201
CBIR 12 59 439
CBIR 12 60 755
CBIR 12 61 394
CBIR 12 62 508
CBIR 12 63 257
CBIR 12 64 394
CBIR 12 65 344
CBIR 12 66 603
CBIR 12 67 493
CBIR 12 68 335
CBIR 12 69 957
CBIR 12 70 608
CBIR 12 71 396
CBIR 12 72 421
CBIR 12 73 596
CBIR 12 74 431
CBIR 12 75 267
CBIR 12 76 427
CBIR 12 77 274
CBIR 12 78 202
CBIR 12 79 274
CBIR 12 80 299
CBIR 12 81 399
CBIR 12 82 501
CBIR 12 83 206
CBIR 12 84 123
CBIR 12 85 267
CBIR 12 86 300
CBIR 12 87 572
CBIR 12 88 825
CBIR 12 89 798
CBIR 12 90 402
CBIR 12 91 103
CBIR 12 92 93
CBIR 12 93 300
CBIR 12 94 398
CBIR 12 95 401
CBIR 12 96 710
CBIR 12 97 389
CBIR 12 98 1000
CBIR 12 99 273
UCB 12 0 1000
UCB 12 1 1000
UCB 12 2 314
UCB 12 3 95
UCB 12 4 86
UCB 12 5 205
UCB 12 6 189
UCB 12 7 211
UCB 12 8 124
UCB 12 9 203
UCB 12 10 116
UCB 12 11 174
UCB 12 12 59
UCB 12 13 215
UCB 12 14 126
UCB 12 15 32
UCB 12 16 143
UCB 12 17 48
UCB 12 18 70
UCB 12 19 209
UCB 12 20 176
UCB 12 21 141
UCB 12 22 244
UCB 12 23 122
UCB 12 24 180
UCB 12 25 253
UCB 12 26 72
UCB 12 27 68
UCB 12 28 240
UCB 12 29 69
UCB 12 30 58
UCB 12 31 114
UCB 12 32 155
UCB 12 33 53
UCB 12 34 282
UCB 12 35 135
UCB 12 36 108
UCB 12 37 178
UCB 12 38 106
UCB 12 39 113
UCB 12 40 53
UCB 12 41 94
UCB 12 42 102
UCB 12 43 56
UCB 12 44 154
UCB 12 45 58
UCB 12 46 80
UCB 12 47 572
UCB 12 48 160
UCB 12 49 364
UCB 12 50 203
UCB 12 51 176
UCB 12 52 316
UCB 12 53 92
UCB 12 54 403
UCB 12 55 181
UCB 12 56 296
UCB 12 57 30
UCB 12 58 85
UCB 12 59 120
UCB 12 60 166
UCB 12 61 200
UCB 12 62 295
UCB 12 63 242
UCB 12 64 361
UCB 12 65 664
UCB 12 66 258
UCB 12 67 233
UCB 12 68 340
UCB 12 69 209
UCB 12 70 326
UCB 12 71 191
UCB 12 72 368
UCB 12 73 315
UCB 12 74 309
UCB 12 75 1000
UCB 12 76 427
UCB 12 77 545
UCB 12 78 498
UCB 12 79 380
UCB 12 80 108
UCB 12 81 272
UCB 12 82 633
UCB 12 83 315
UCB 12 84 276
UCB 12 85 128
UCB 12 86 115
UCB 12 87 363
UCB 12 88 246
UCB 12 89 350
UCB 12 90 251
UCB 12 91 456
UCB 12 92 441
UCB 12 93 518
UCB 12 94 639
UCB 12 95 812
UCB 12 96 478
UCB 12 97 350
UCB 12 98 748
UCB 12 99 598
CBIR 13 0 1000
CBIR 13 1 1000
CBIR 13 2 1000
CBIR 13 3 1000
CBIR 13 4 1000
CBIR 13 5 1000
CBIR 13 6 1000
CBIR 13 7 1000
CBIR 13 8 1000
CBIR 13 9 1000
CBIR 13 10 1000
CBIR 13 11 1000
CBIR 13 12 1000
CBIR 13 13 1000
CBIR 13 14 1000
CBIR 13 15 223
CBIR 13 16 282
CBIR 13 17 20
CBIR 13 18 288
CBIR 13 19 308
CBIR 13 20 202
CBIR 13 21 222
CBIR 13 22 149
CBIR 13 23 204
CBIR 13 24 38
CBIR 13 25 113
CBIR 13 26 319
CBIR 13 27 239
CBIR 13 28 110
CBIR 13 29 272
CBIR 13 30 201
CBIR 13 31 20
CBIR 13 32 575
CBIR 13 33 200
CBIR 13 34 756
CBIR 13 35 341
CBIR 13 36 297
CBIR 13 37 621
CBIR 13 38 379
CBIR 13 39 225
CBIR 13 40 475
CBIR 13 41 89
CBIR 13 42 115
CBIR 13 43 56
CBIR 13 44 33
CBIR 13 45 364
CBIR 13 46 234
CBIR 13 47 198
CBIR 13 48 499
CBIR 13 49 126
CBIR 13 50 374
CBIR 13 51 206
CBIR 13 52 590
CBIR 13 53 156
CBIR 13 54 273
CBIR 13 55 295
CBIR 13 56 96
CBIR 13 57 230
CBIR 13 58 51
CBIR 13 59 108
CBIR 13 60 184
CBIR 13 61 206
CBIR 13 62 292
CBIR 13 63 298
CBIR 13 64 116
CBIR 13 65 247
CBIR 13 66 386
CBIR 13 67 186
CBIR 13 68 360
CBIR 13 69 32
CBIR 13 70 566
CBIR 13 71 599
CBIR 13 72 222
CBIR 13 73 118
CBIR 13 74 305
CBIR 13 75 251
CBIR 13 76 310
CBIR 13 77 88
CBIR 13 78 220
CBIR 13 79 102
CBIR 13 80 228
CBIR 13 81 130
CBIR 13 82 68
CBIR 13 83 140
CBIR 13 84 307
CBIR 13 85 898
CBIR 13 86 312
CBIR 13 87 292
CBIR 13 88 137
CBIR 13 89 527
CBIR 13 90 437
CBIR 13 91 801
CBIR 13 92 318
CBIR 13 93 191
CBIR 13 94 513
CBIR 13 95 102
CBIR 13 96 662
CBIR 13 97 202
CBIR 13 98 390
CBIR 13 99 505
UCB 13 0 31
UCB 13 1 688
UCB 13 2 85
UCB 13 3 94
UCB 13 4 242
UCB 13 5 59
UCB 13 6 52
UCB 13 7 169
UCB 13 8 183
UCB 13 9 76
UCB 13 10 181
UCB 13 11 329
UCB 13 12 118
UCB 13 13 94
UCB 13 14 45
UCB 13 15 150
UCB 13 16 43
UCB 13 17 116
UCB 13 18 74
UCB 13 19 349
UCB 13 20 20
UCB 13 21 94
UCB 13 22 63
UCB 13 23 136
UCB 13 24 197
UCB 13 25 147
UCB 13 26 153
UCB 13 27 321
UCB 13 28 96
UCB 13 29 158
UCB 13 30 343
UCB 13 31 76
UCB 13 32 189
UCB 13 33 197
UCB 13 34 374
UCB 13 35 244
UCB 13 36 141
UCB 13 37 139
UCB 13 38 64
UCB 13 39 291
UCB 13 40 701
UCB 13 41 142
UCB 13 42 194
UCB 13 43 370
UCB 13 44 66
UCB 13 45 306
UCB 13 46 135
UCB 13 47 222
UCB 13 48 54
UCB 13 49 60
UCB 13 50 59
UCB 13 51 82
UCB 13 52 274
UCB 13 53 161
UCB 13 54 201
UCB 13 55 439
UCB 13 56 258
UCB 13 57 100
UCB 13 58 307
UCB 13 59 264
UCB 13 60 167
UCB 13 61 215
UCB 13 62 344
UCB 13 63 534
UCB 13 64 461
UCB 13 65 64
UCB 13 66 303
UCB 13 67 61
UCB 13 68 267
UCB 13 69 154
UCB 13 70 52
UCB 13 71 253
UCB 13 72 145
UCB 13 73 262
UCB 13 74 164
UCB 13 75 492
UCB 13 76 172
UCB 13 77 98
UCB 13 78 126
UCB 13 79 173
UCB 13 80 309
UCB 13 81 216
UCB 13 82 186
UCB 13 83 377
UCB 13 84 376
UCB 13 85 338
UCB 13 86 226
UCB 13 87 247
UCB 13 88 316
UCB 13 89 140
UCB 13 90 177
UCB 13 91 91
UCB 13 92 190
UCB 13 93 201
UCB 13 94 224
UCB 13 95 568
UCB 13 96 262
UCB 13 97 254
UCB 13 98 154
UCB 13 99 449
CBIR 14 0 1000
CBIR 14 1 1000
CBIR 14 2 1000
CBIR 14 3 1000
CBIR 14 4 1000
CBIR 14 5 1000
CBIR 14 6 1000
CBIR 14 7 1000
CBIR 14 8 1000
CBIR 14 9 1000
CBIR 14 10 1000
CBIR 14 11 1000
CBIR 14 12 1000
CBIR 14 13 1000
CBIR 14 14 1000
CBIR 14 15 1000
CBIR 14 16 1000
CBIR 14 17 645
CBIR 14 18 148
CBIR 14 19 247
CBIR 14 20 259
CBIR 14 21 113
CBIR 14 22 371
CBIR 14 23 414
CBIR 14 24 95
CBIR 14 25 253
CBIR 14 26 158
CBIR 14 27 404
CBIR 14 28 548
CBIR 14 29 533
CBIR 14 30 116
CBIR 14 31 836
CBIR 14 32 346
CBIR 14 33 225
CBIR 14 34 126
CBIR 14 35 145
CBIR 14 36 500
CBIR 14 37 400
CBIR 14 38 523
CBIR 14 39 474
CBIR 14 40 898
CBIR 14 41 308
CBIR 14 42 497
CBIR 14 43 57
CBIR 14 44 160
CBIR 14 45 143
CBIR 14 46 436
CBIR 14 47 325
CBIR 14 48 517
CBIR 14 49 456
CBIR 14 50 293
CBIR 14 51 571
CBIR 14 52 526
CBIR 14 53 431
CBIR 14 54 190
CBIR 14 55 277
CBIR 14 56 301
CBIR 14 57 297
CBIR 14 58 397
CBIR 14 59 106
CBIR 14 60 318
CBIR 14 61 387
CBIR 14 62 487
CBIR 14 63 309
CBIR 14 64 487
CBIR 14 65 105
CBIR 14 66 196
CBIR 14 67 396
CBIR 14 68 268
CBIR 14 69 272
CBIR 14 70 289
CBIR 14 71 369
CBIR 14 72 397
CBIR 14 73 312
CBIR 14 74 139
CBIR 14 75 276
CBIR 14 76 178
CBIR 14 77 817
CBIR 14 78 110
CBIR 14 79 471
CBIR 14 80 194
CBIR 14 81 304
CBIR 14 82 280
CBIR 14 83 309
CBIR 14 84 99
CBIR 14 85 298
CBIR 14 86 186
CBIR 14 87 514
CBIR 14 88 335
CBIR 14 89 361
CBIR 14 90 401
CBIR 14 91 401
CBIR 14 92 79
CBIR 14 93 456
CBIR 14 94 158
CBIR 14 95 201
CBIR 14 96 607
CBIR 14 97 102
CBIR 14 98 487
CBIR 14 99 404
UCB 14 0 1000
UCB 14 1 1000
UCB 14 2 1000
UCB 14 3 1000
UCB 14 4 1000
UCB 14 5 1000
UCB 14 6 1000
UCB 14 7 1000
UCB 14 8 1000
UCB 14 9 1000
UCB 14 10 1000
UCB 14 11 1000
UCB 14 12 1000
UCB 14 13 1000
UCB 14 14 1000
UCB 14 15 143
UCB 14 16 364
UCB 14 17 809
UCB 14 18 682
UCB 14 19 101
UCB 14 20 136
UCB 14 21 173
UCB 14 22 296
UCB 14 23 109
UCB 14 24 280
UCB 14 25 514
UCB 14 26 73
UCB 14 27 143
UCB 14 28 441
UCB 14 29 369
UCB 14 30 655
UCB 14 31 299
UCB 14 32 308
UCB 14 33 347
UCB 14 34 199
UCB 14 35 246
UCB 14 36 135
UCB 14 37 259
UCB 14 38 366
UCB 14 39 336
UCB 14 40 201
UCB 14 41 244
UCB 14 42 207
UCB 14 43 250
UCB 14 44 202
UCB 14 45 351
UCB 14 46 263
UCB 14 47 171
UCB 14 48 121
UCB 14 49 110
UCB 14 50 319
UCB 14 51 533
UCB 14 52 333
UCB 14 53 287
UCB 14 54 424
UCB 14 55 315
UCB 14 56 481
UCB 14 57 423
UCB 14 58 178
UCB 14 59 143
UCB 14 60 447
UCB 14 61 332
UCB 14 62 115
UCB 14 63 419
UCB 14 64 618
UCB 14 65 210
UCB 14 66 379
UCB 14 67 189
UCB 14 68 401
UCB 14 69 465
UCB 14 70 1000
UCB 14 71 1000
UCB 14 72 538
UCB 14 73 477
UCB 14 74 337
UCB 14 75 976
UCB 14 76 433
UCB 14 77 283
UCB 14 78 200
UCB 14 79 301
UCB 14 80 239
UCB 14 81 438
UCB 14 82 180
UCB 14 83 322
UCB 14 84 1000
UCB 14 85 830
UCB 14 86 387
UCB 14 87 576
UCB 14 88 1000
UCB 14 89 748
UCB 14 90 351
UCB 14 91 310
UCB 14 92 193
UCB 14 93 398
UCB 14 94 801
UCB 14 95 894
UCB 14 96 1000
UCB 14 97 551
UCB 14 98 79
UCB 14 99 369
CBIR 15 0 1000
CBIR 15 1 1000
CBIR 15 2 1000
CBIR 15 3 347
CBIR 15 4 950
CBIR 15 5 231
CBIR 15 6 394
CBIR 15 7 83
CBIR 15 8 50
CBIR 15 9 84
CBIR 15 10 282
CBIR 15 11 281
CBIR 15 12 116
CBIR 15 13 199
CBIR 15 14 699
CBIR 15 15 125
CBIR 15 16 253
CBIR 15 17 118
CBIR 15 18 173
CBIR 15 19 299
CBIR 15 20 56
CBIR 15 21 158
CBIR 15 22 187
CBIR 15 23 209
CBIR 15 24 187
CBIR 15 25 397
CBIR 15 26 116
CBIR 15 27 540
CBIR 15 28 58
CBIR 15 29 346
CBIR 15 30 354
CBIR 15 31 172
CBIR 15 32 212
CBIR 15 33 313
CBIR 15 34 380
CBIR 15 35 113
CBIR 15 36 285
CBIR 15 37 137
CBIR 15 38 561
CBIR 15 39 804
CBIR 15 40 694
CBIR 15 41 225
CBIR 15 42 183
CBIR 15 43 168
CBIR 15 44 523
CBIR 15 45 209
CBIR 15 46 96
CBIR 15 47 549
CBIR 15 48 351
CBIR 15 49 1000
CBIR 15 50 589
CBIR 15 51 298
CBIR 15 52 90
CBIR 15 53 150
CBIR 15 54 207
CBIR 15 55 118
CBIR 15 56 330
CBIR 15 57 171
CBIR 15 58 171
CBIR 15 59 854
CBIR 15 60 287
CBIR 15 61 359
CBIR 15 62 193
CBIR 15 63 461
CBIR 15 64 594
CBIR 15 65 306
CBIR 15 66 197
CBIR 15 67 96
CBIR 15 68 203
CBIR 15 69 123
CBIR 15 70 577
CBIR 15 71 221
CBIR 15 72 176
CBIR 15 73 80
CBIR 15 74 317
CBIR 15 75 358
CBIR 15 76 386
CBIR 15 77 148
CBIR 15 78 326
CBIR 15 79 175
CBIR 15 80 596
CBIR 15 81 139
CBIR 15 82 463
CBIR 15 83 789
CBIR 15 84 107
CBIR 15 85 137
CBIR 15 86 85
CBIR 15 87 361
CBIR 15 88 334
CBIR 15 89 443
CBIR 15 90 234
CBIR 15 91 313
CBIR 15 92 684
CBIR 15 93 500
CBIR 15 94 1000
CBIR 15 95 408
CBIR 15 96 589
CBIR 15 97 439
CBIR 15 98 58
CBIR 15 99 462
UCB 15 0 667
UCB 15 1 51
UCB 15 2 32
UCB 15 3 213
UCB 15 4 154
UCB 15 5 119
UCB 15 6 170
UCB 15 7 408
UCB 15 8 102
UCB 15 9 121
UCB 15 10 89
UCB 15 11 204
UCB 15 12 54
UCB 15 13 135
UCB 15 14 168
UCB 15 15 100
UCB 15 16 210
UCB 15 17 127
UCB 15 18 52
UCB 15 19 118
UCB 15 20 86
UCB 15 21 22
UCB 15 22 382
UCB 15 23 178
UCB 15 24 217
UCB 15 25 103
UCB 15 26 75
UCB 15 27 254
UCB 15 28 162
UCB 15 29 232
UCB 15 30 305
UCB 15 31 206
UCB 15 32 164
UCB 15 33 95
UCB 15 34 86
UCB 15 35 162
UCB 15 36 287
UCB 15 37 254
UCB 15 38 212
UCB 15 39 119
UCB 15 40 54
UCB 15 41 189
UCB 15 42 342
UCB 15 43 98
UCB 15 44 87
UCB 15 45 232
UCB 15 46 356
UCB 15 47 102
UCB 15 48 101
UCB 15 49 212
UCB 15 50 198
UCB 15 51 345
UCB 15 52 164
UCB 15 53 228
UCB 15 54 81
UCB 15 55 193
UCB 15 56 168
UCB 15 57 214
UCB 15 58 50
UCB 15 59 537
UCB 15 60 237
UCB 15 61 163
UCB 15 62 333
UCB 15 63 558
UCB 15 64 305
UCB 15 65 198
UCB 15 66 319
UCB 15 67 254
UCB 15 68 152
UCB 15 69 742
UCB 15 70 528
UCB 15 71 1000
UCB 15 72 303
UCB 15 73 416
UCB 15 74 305
UCB 15 75 235
UCB 15 76 186
UCB 15 77 458
UCB 15 78 187
UCB 15 79 473
UCB 15 80 505
UCB 15 81 451
UCB 15 82 127
UCB 15 83 696
UCB 15 84 107
UCB 15 85 757
UCB 15 86 1000
UCB 15 87 1000
UCB 15 88 1000
UCB 15 89 1000
UCB 15 90 1000
UCB 15 91 1000
UCB 15 92 1000
UCB 15 93 1000
UCB 15 94 1000
UCB 15 95 1000
UCB 15 96 1000
UCB 15 97 1000
UCB 15 98 1000
UCB 15 99 1000
CBIR 16 0 1000
CBIR 16 1 1000
CBIR 16 2 1000
CBIR 16 3 1000
CBIR 16 4 1000
CBIR 16 5 1000
CBIR 16 6 1000
CBIR 16 7 1000
CBIR 16 8 1000
CBIR 16 9 1000
CBIR 16 10 1000
CBIR 16 11 1000
CBIR 16 12 1000
CBIR 16 13 1000
CBIR 16 14 1000
CBIR 16 15 1000
CBIR 16 16 1000
CBIR 16 17 1000
CBIR 16 18 1000
CBIR 16 19 1000
CBIR 16 20 1000
CBIR 16 21 1000
CBIR 16 22 1000
CBIR 16 23 1000
CBIR 16 24 1000
CBIR 16 25 1000
CBIR 16 26 1000
CBIR 16 27 1000
CBIR 16 28 1000
CBIR 16 29 1000
CBIR 16 30 1000
CBIR 16 31 1000
CBIR 16 32 1000
CBIR 16 33 1000
CBIR 16 34 1000
CBIR 16 35 1000
CBIR 16 36 1000
CBIR 16 37 1000
CBIR 16 38 1000
CBIR 16 39 508
CBIR 16 40 1000
CBIR 16 41 181
CBIR 16 42 311
CBIR 16 43 215
CBIR 16 44 170
CBIR 16 45 181
CBIR 16 46 528
CBIR 16 47 233
CBIR 16 48 176
CBIR 16 49 390
CBIR 16 50 297
CBIR 16 51 200
CBIR 16 52 98
CBIR 16 53 246
CBIR 16 54 189
CBIR 16 55 100
CBIR 16 56 262
CBIR 16 57 398
CBIR 16 58 602
CBIR 16 59 198
CBIR 16 60 524
CBIR 16 61 221
CBIR 16 62 550
CBIR 16 63 406
CBIR 16 64 49
CBIR 16 65 92
CBIR 16 66 847
CBIR 16 67 170
CBIR 16 68 232
CBIR 16 69 73
CBIR 16 70 249
CBIR 16 71 136
CBIR 16 72 109
CBIR 16 73 180
CBIR 16 74 260
CBIR 16 75 386
CBIR 16 76 428
CBIR 16 77 207
CBIR 16 78 162
CBIR 16 79 136
CBIR 16 80 46
CBIR 16 81 314
CBIR 16 82 599
CBIR 16 83 598
CBIR 16 84 189
CBIR 16 85 711
CBIR 16 86 257
CBIR 16 87 339
CBIR 16 88 356
CBIR 16 89 544
CBIR 16 90 570
CBIR 16 91 235
CBIR 16 92 291
CBIR 16 93 201
CBIR 16 94 296
CBIR 16 95 299
CBIR 16 96 900
CBIR 16 97 834
CBIR 16 98 108
CBIR 16 99 156
UCB 16 0 827
UCB 16 1 885
UCB 16 2 487
UCB 16 3 163
UCB 16 4 348
UCB 16 5 387
UCB 16 6 70
UCB 16 7 159
UCB 16 8 43
UCB 16 9 300
UCB 16 10 227
UCB 16 11 26
UCB 16 12 369
UCB 16 13 296
UCB 16 14 105
UCB 16 15 301
UCB 16 16 32
UCB 16 17 69
UCB 16 18 215
UCB 16 19 75
UCB 16 20 102
UCB 16 21 194
UCB 16 22 191
UCB 16 23 43
UCB 16 24 265
UCB 16 25 321
UCB 16 26 449
UCB 16 27 474
UCB 16 28 252
UCB 16 29 55
UCB 16 30 378
UCB 16 31 300
UCB 16 32 138
UCB 16 33 277
UCB 16 34 144
UCB 16 35 143
UCB 16 36 257
UCB 16 37 301
UCB 16 38 124
UCB 16 39 248
UCB 16 40 223
UCB 16 41 106
UCB 16 42 272
UCB 16 43 219
UCB 16 44 275
UCB 16 45 117
UCB 16 46 522
UCB 16 47 226
UCB 16 48 355
UCB 16 49 141
UCB 16 50 327
UCB 16 51 227
UCB 16 52 206
UCB 16 53 299
UCB 16 54 211
UCB 16 55 286
UCB 16 56 253
UCB 16 57 270
UCB 16 58 482
UCB 16 59 286
UCB 16 60 726
UCB 16 61 811
UCB 16 62 412
UCB 16 63 74
UCB 16 64 61
UCB 16 65 411
UCB 16 66 231
UCB 16 67 187
UCB 16 68 193
UCB 16 69 533
UCB 16 70 374
UCB 16 71 115
UCB 16 72 525
UCB 16 73 314
UCB 16 74 618
UCB 16 75 298
UCB 16 76 520
UCB 16 77 793
UCB 16 78 103
UCB 16 79 431
UCB 16 80 60
UCB 16 81 886
UCB 16 82 1000
UCB 16 83 455
UCB 16 84 1000
UCB 16 85 244
UCB 16 86 305
UCB 16 87 685
UCB 16 88 442
UCB 16 89 1000
UCB 16 90 1000
UCB 16 91 742
UCB 16 92 776
UCB 16 93 556
UCB 16 94 623
UCB 16 95 126
UCB 16 96 445
UCB 16 97 437
UCB 16 98 351
UCB 16 99 1000
CBIR 17 0 1000
CBIR 17 1 1000
CBIR 17 2 1000
CBIR 17 3 1000
CBIR 17 4 1000
CBIR 17 5 1000
CBIR 17 6 1000
CBIR 17 7 1000
CBIR 17 8 1000
CBIR 17 9 1000
CBIR 17 10 1000
CBIR 17 11 1000
CBIR 17 12 1000
CBIR 17 13 1000
CBIR 17 14 1000
CBIR 17 15 1000
CBIR 17 16 1000
CBIR 17 17 1000
CBIR 17 18 1000
CBIR 17 19 1000
CBIR 17 20 1000
CBIR 17 21 531
CBIR 17 22 1000
CBIR 17 23 533
CBIR 17 24 160
CBIR 17 25 293
CBIR 17 26 202
CBIR 17 27 250
CBIR 17 28 60
CBIR 17 29 75
CBIR 17 30 198
CBIR 17 31 108
CBIR 17 32 422
CBIR 17 33 193
CBIR 17 34 172
CBIR 17 35 203
CBIR 17 36 386
CBIR 17 37 201
CBIR 17 38 156
CBIR 17 39 144
CBIR 17 40 296
CBIR 17 41 498
CBIR 17 42 507
CBIR 17 43 492
CBIR 17 44 55
CBIR 17 45 70
CBIR 17 46 174
CBIR 17 47 466
CBIR 17 48 192
CBIR 17 49 141
CBIR 17 50 185
CBIR 17 51 509
CBIR 17 52 706
CBIR 17 53 591
CBIR 17 54 89
CBIR 17 55 64
CBIR 17 56 27
CBIR 17 57 117
CBIR 17 58 601
CBIR 17 59 273
CBIR 17 60 209
CBIR 17 61 121
CBIR 17 62 173
CBIR 17 63 417
CBIR 17 64 121
CBIR 17 65 85
CBIR 17 66 201
CBIR 17 67 740
CBIR 17 68 447
CBIR 17 69 432
CBIR 17 70 570
CBIR 17 71 107
CBIR 17 72 176
CBIR 17 73 412
CBIR 17 74 1000
CBIR 17 75 397
CBIR 17 76 400
CBIR 17 77 804
CBIR 17 78 294
CBIR 17 79 101
CBIR 17 80 398
CBIR 17 81 314
CBIR 17 82 156
CBIR 17 83 307
CBIR 17 84 168
CBIR 17 85 92
CBIR 17 86 555
CBIR 17 87 142
CBIR 17 88 257
CBIR 17 89 167
CBIR 17 90 255
CBIR 17 91 491
CBIR 17 92 214
CBIR 17 93 368
CBIR 17 94 177
CBIR 17 95 720
CBIR 17 96 203
CBIR 17 97 143
CBIR 17 98 352
CBIR 17 99 190
UCB 17 0 1000
UCB 17 1 496
UCB 17 2 1000
UCB 17 3 217
UCB 17 4 103
UCB 17 5 382
UCB 17 6 32
UCB 17 7 123
UCB 17 8 114
UCB 17 9 188
UCB 17 10 53
UCB 17 11 166
UCB 17 12 157
UCB 17 13 193
UCB 17 14 23
UCB 17 15 260
UCB 17 16 182
UCB 17 17 100
UCB 17 18 249
UCB 17 19 145
UCB 17 20 226
UCB 17 21 117
UCB 17 22 101
UCB 17 23 278
UCB 17 24 339
UCB 17 25 106
UCB 17 26 66
UCB 17 27 88
UCB 17 28 183
UCB 17 29 183
UCB 17 30 303
UCB 17 31 182
UCB 17 32 180
UCB 17 33 99
UCB 17 34 207
UCB 17 35 112
UCB 17 36 51
UCB 17 37 70
UCB 17 38 90
UCB 17 39 311
UCB 17 40 297
UCB 17 41 96
UCB 17 42 130
UCB 17 43 191
UCB 17 44 226
UCB 17 45 170
UCB 17 46 62
UCB 17 47 122
UCB 17 48 487
UCB 17 49 432
UCB 17 50 172
UCB 17 51 282
UCB 17 52 353
UCB 17 53 163
UCB 17 54 277
UCB 17 55 150
UCB 17 56 211
UCB 17 57 227
UCB 17 58 279
UCB 17 59 450
UCB 17 60 291
UCB 17 61 499
UCB 17 62 186
UCB 17 63 243
UCB 17 64 221
UCB 17 65 250
UCB 17 66 101
UCB 17 67 297
UCB 17 68 241
UCB 17 69 198
UCB 17 70 218
UCB 17 71 67
UCB 17 72 586
UCB 17 73 72
UCB 17 74 385
UCB 17 75 531
UCB 17 76 188
UCB 17 77 301
UCB 17 78 506
UCB 17 79 119
UCB 17 80 52
UCB 17 81 131
UCB 17 82 74
UCB 17 83 236
UCB 17 84 303
UCB 17 85 247
UCB 17 86 458
UCB 17 87 201
UCB 17 88 317
UCB 17 89 476
UCB 17 90 1000
UCB 17 91 89
UCB 17 92 175
UCB 17 93 230
UCB 17 94 168
UCB 17 95 71
UCB 17 96 61
UCB 17 97 88
UCB 17 98 181
UCB 17 99 210
CBIR 18 0 1000
CBIR 18 1 1000
CBIR 18 2 1000
CBIR 18 3 1000
CBIR 18 4 1000
CBIR 18 5 1000
CBIR 18 6 1000
CBIR 18 7 1000
CBIR 18 8 1000
CBIR 18 9 1000
CBIR 18 10 1000
CBIR 18 11 911
CBIR 18 12 199
CBIR 18 13 191
CBIR 18 14 344
CBIR 18 15 116
CBIR 18 16 234
CBIR 18 17 118
CBIR 18 18 289
CBIR 18 19 384
CBIR 18 20 312
CBIR 18 21 216
CBIR 18 22 184
CBIR 18 23 199
CBIR 18 24 294
CBIR 18 25 199
CBIR 18 26 196
CBIR 18 27 227
CBIR 18 28 116
CBIR 18 29 63
CBIR 18 30 107
CBIR 18 31 160
CBIR 18 32 32
CBIR 18 33 290
CBIR 18 34 202
CBIR 18 35 384
CBIR 18 36 215
CBIR 18 37 115
CBIR 18 38 169
CBIR 18 39 338
CBIR 18 40 170
CBIR 18 41 196
CBIR 18 42 421
CBIR 18 43 77
CBIR 18 44 919
CBIR 18 45 208
CBIR 18 46 272
CBIR 18 47 607
CBIR 18 48 133
CBIR 18 49 472
CBIR 18 50 734
CBIR 18 51 450
CBIR 18 52 212
CBIR 18 53 484
CBIR 18 54 300
CBIR 18 55 598
CBIR 18 56 398
CBIR 18 57 202
CBIR 18 58 297
CBIR 18 59 698
CBIR 18 60 201
CBIR 18 61 398
CBIR 18 62 298
CBIR 18 63 215
CBIR 18 64 389
CBIR 18 65 593
CBIR 18 66 226
CBIR 18 67 373
CBIR 18 68 266
CBIR 18 69 232
CBIR 18 70 702
CBIR 18 71 193
CBIR 18 72 223
CBIR 18 73 189
CBIR 18 74 394
CBIR 18 75 297
CBIR 18 76 517
CBIR 18 77 644
CBIR 18 78 45
CBIR 18 79 385
CBIR 18 80 599
CBIR 18 81 169
CBIR 18 82 332
CBIR 18 83 299
CBIR 18 84 137
CBIR 18 85 160
CBIR 18 86 398
CBIR 18 87 498
CBIR 18 88 301
CBIR 18 89 245
CBIR 18 90 205
CBIR 18 91 223
CBIR 18 92 232
CBIR 18 93 289
CBIR 18 94 350
CBIR 18 95 151
CBIR 18 96 295
CBIR 18 97 101
CBIR 18 98 214
CBIR 18 99 285
UCB 18 0 1000
UCB 18 1 1000
UCB 18 2 1000
UCB 18 3 1000
UCB 18 4 100
UCB 18 5 145
UCB 18 6 624
UCB 18 7 72
UCB 18 8 192
UCB 18 9 166
UCB 18 10 403
UCB 18 11 62
UCB 18 12 45
UCB 18 13 195
UCB 18 14 187
UCB 18 15 103
UCB 18 16 32
UCB 18 17 62
UCB 18 18 244
UCB 18 19 171
UCB 18 20 427
UCB 18 21 453
UCB 18 22 380
UCB 18 23 36
UCB 18 24 291
UCB 18 25 215
UCB 18 26 211
UCB 18 27 284
UCB 18 28 301
UCB 18 29 156
UCB 18 30 122
UCB 18 31 316
UCB 18 32 205
UCB 18 33 172
UCB 18 34 277
UCB 18 35 171
UCB 18 36 98
UCB 18 37 139
UCB 18 38 210
UCB 18 39 209
UCB 18 40 108
UCB 18 41 372
UCB 18 42 120
UCB 18 43 485
UCB 18 44 142
UCB 18 45 256
UCB 18 46 183
UCB 18 47 94
UCB 18 48 55
UCB 18 49 79
UCB 18 50 306
UCB 18 51 79
UCB 18 52 128
UCB 18 53 303
UCB 18 54 132
UCB 18 55 43
UCB 18 56 194
UCB 18 57 209
UCB 18 58 504
UCB 18 59 128
UCB 18 60 359
UCB 18 61 89
UCB 18 62 228
UCB 18 63 100
UCB 18 64 136
UCB 18 65 694
UCB 18 66 361
UCB 18 67 616
UCB 18 68 289
UCB 18 69 375
UCB 18 70 292
UCB 18 71 227
UCB 18 72 337
UCB 18 73 234
UCB 18 74 122
UCB 18 75 255
UCB 18 76 399
UCB 18 77 536
UCB 18 78 389
UCB 18 79 598
UCB 18 80 360
UCB 18 81 172
UCB 18 82 318
UCB 18 83 306
UCB 18 84 184
UCB 18 85 264
UCB 18 86 403
UCB 18 87 616
UCB 18 88 562
UCB 18 89 263
UCB 18 90 280
UCB 18 91 424
UCB 18 92 100
UCB 18 93 529
UCB 18 94 218
UCB 18 95 87
UCB 18 96 192
UCB 18 97 402
UCB 18 98 609
UCB 18 99 416
CBIR 19 0 1000
CBIR 19 1 1000
CBIR 19 2 1000
CBIR 19 3 1000
CBIR 19 4 1000
CBIR 19 5 1000
CBIR 19 6 1000
CBIR 19 7 418
CBIR 19 8 1000
CBIR 19 9 74
CBIR 19 10 161
CBIR 19 11 148
CBIR 19 12 295
CBIR 19 13 306
CBIR 19 14 205
CBIR 19 15 165
CBIR 19 16 242
CBIR 19 17 427
CBIR 19 18 441
CBIR 19 19 187
CBIR 19 20 322
CBIR 19 21 151
CBIR 19 22 185
CBIR 19 23 164
CBIR 19 24 72
CBIR 19 25 170
CBIR 19 26 198
CBIR 19 27 202
CBIR 19 28 218
CBIR 19 29 36
CBIR 19 30 298
CBIR 19 31 318
CBIR 19 32 173
CBIR 19 33 200
CBIR 19 34 517
CBIR 19 35 64
CBIR 19 36 127
CBIR 19 37 287
CBIR 19 38 300
CBIR 19 39 180
CBIR 19 40 118
CBIR 19 41 179
CBIR 19 42 627
CBIR 19 43 526
CBIR 19 44 1000
CBIR 19 45 167
CBIR 19 46 205
CBIR 19 47 91
CBIR 19 48 112
CBIR 19 49 192
CBIR 19 50 293
CBIR 19 51 300
CBIR 19 52 197
CBIR 19 53 474
CBIR 19 54 249
CBIR 19 55 287
CBIR 19 56 387
CBIR 19 57 298
CBIR 19 58 45
CBIR 19 59 688
CBIR 19 60 478
CBIR 19 61 389
CBIR 19 62 158
CBIR 19 63 136
CBIR 19 64 426
CBIR 19 65 372
CBIR 19 66 301
CBIR 19 67 496
CBIR 19 68 403
CBIR 19 69 395
CBIR 19 70 299
CBIR 19 71 599
CBIR 19 72 77
CBIR 19 73 83
CBIR 19 74 156
CBIR 19 75 123
CBIR 19 76 59
CBIR 19 77 112
CBIR 19 78 187
CBIR 19 79 505
CBIR 19 80 130
CBIR 19 81 558
CBIR 19 82 102
CBIR 19 83 496
CBIR 19 84 591
CBIR 19 85 570
CBIR 19 86 294
CBIR 19 87 341
CBIR 19 88 533
CBIR 19 89 607
CBIR 19 90 460
CBIR 19 91 200
CBIR 19 92 212
CBIR 19 93 285
CBIR 19 94 147
CBIR 19 95 260
CBIR 19 96 292
CBIR 19 97 209
CBIR 19 98 185
CBIR 19 99 496
UCB 19 0 66
UCB 19 1 424
UCB 19 2 136
UCB 19 3 100
UCB 19 4 291
UCB 19 5 83
UCB 19 6 241
UCB 19 7 162
UCB 19 8 38
UCB 19 9 46
UCB 19 10 80
UCB 19 11 123
UCB 19 12 155
UCB 19 13 55
UCB 19 14 288
UCB 19 15 207
UCB 19 16 236
UCB 19 17 279
UCB 19 18 77
UCB 19 19 199
UCB 19 20 216
UCB 19 21 178
UCB 19 22 152
UCB 19 23 154
UCB 19 24 97
UCB 19 25 172
UCB 19 26 482
UCB 19 27 230
UCB 19 28 270
UCB 19 29 438
UCB 19 30 125
UCB 19 31 230
UCB 19 32 254
UCB 19 33 55
UCB 19 34 257
UCB 19 35 372
UCB 19 36 304
UCB 19 37 218
UCB 19 38 299
UCB 19 39 51
UCB 19 40 127
UCB 19 41 398
UCB 19 42 107
UCB 19 43 354
UCB 19 44 586
UCB 19 45 350
UCB 19 46 302
UCB 19 47 90
UCB 19 48 111
UCB 19 49 187
UCB 19 50 271
UCB 19 51 326
UCB 19 52 137
UCB 19 53 276
UCB 19 54 62
UCB 19 55 173
UCB 19 56 148
UCB 19 57 37
UCB 19 58 337
UCB 19 59 126
UCB 19 60 196
UCB 19 61 113
UCB 19 62 184
UCB 19 63 405
UCB 19 64 193
UCB 19 65 508
UCB 19 66 113
UCB 19 67 86
UCB 19 68 328
UCB 19 69 420
UCB 19 70 149
UCB 19 71 451
UCB 19 72 72
UCB 19 73 695
UCB 19 74 125
UCB 19 75 587
UCB 19 76 292
UCB 19 77 210
UCB 19 78 92
UCB 19 79 261
UCB 19 80 118
UCB 19 81 553
UCB 19 82 1000
UCB 19 83 1000
UCB 19 84 722
UCB 19 85 119
UCB 19 86 327
UCB 19 87 199
UCB 19 88 611
UCB 19 89 241
UCB 19 90 298
UCB 19 91 603
UCB 19 92 200
UCB 19 93 435
UCB 19 94 532
UCB 19 95 199
UCB 19 96 229
UCB 19 97 378
UCB 19 98 127
UCB 19 99 190
