CBIR 0 0 1000
CBIR 0 1 1000
CBIR 0 2 1000
CBIR 0 3 1000
CBIR 0 4 1000
CBIR 0 5 1000
CBIR 0 6 1000
CBIR 0 7 1000
CBIR 0 8 1000
CBIR 0 9 1000
CBIR 0 10 1000
CBIR 0 11 1000
CBIR 0 12 1000
CBIR 0 13 1000
CBIR 0 14 1000
CBIR 0 15 1000
CBIR 0 16 1000
CBIR 0 17 1000
CBIR 0 18 1000
CBIR 0 19 933
CBIR 0 20 366
CBIR 0 21 312
CBIR 0 22 235
CBIR 0 23 461
CBIR 0 24 396
CBIR 0 25 292
CBIR 0 26 513
CBIR 0 27 201
CBIR 0 28 156
CBIR 0 29 531
CBIR 0 30 296
CBIR 0 31 82
CBIR 0 32 628
CBIR 0 33 584
CBIR 0 34 300
CBIR 0 35 607
CBIR 0 36 400
CBIR 0 37 891
CBIR 0 38 921
CBIR 0 39 475
CBIR 0 40 355
CBIR 0 41 444
CBIR 0 42 404
CBIR 0 43 710
CBIR 0 44 301
CBIR 0 45 484
CBIR 0 46 310
CBIR 0 47 196
CBIR 0 48 179
CBIR 0 49 1000
CBIR 0 50 652
CBIR 0 51 1000
CBIR 0 52 54
CBIR 0 53 1000
CBIR 0 54 1000
CBIR 0 55 670
CBIR 0 56 641
CBIR 0 57 1000
CBIR 0 58 892
CBIR 0 59 803
CBIR 0 60 205
CBIR 0 61 777
CBIR 0 62 411
CBIR 0 63 311
CBIR 0 64 448
CBIR 0 65 432
CBIR 0 66 126
CBIR 0 67 179
CBIR 0 68 620
CBIR 0 69 603
CBIR 0 70 767
CBIR 0 71 201
CBIR 0 72 348
CBIR 0 73 183
CBIR 0 74 276
CBIR 0 75 390
CBIR 0 76 399
CBIR 0 77 597
CBIR 0 78 598
CBIR 0 79 298
CBIR 0 80 210
CBIR 0 81 356
CBIR 0 82 234
CBIR 0 83 498
CBIR 0 84 181
CBIR 0 85 160
CBIR 0 86 191
CBIR 0 87 76
CBIR 0 88 421
CBIR 0 89 346
CBIR 0 90 418
CBIR 0 91 18
CBIR 0 92 380
CBIR 0 93 402
CBIR 0 94 102
CBIR 0 95 573
CBIR 0 96 339
CBIR 0 97 377
CBIR 0 98 653
CBIR 0 99 604
UCB 0 0 849
UCB 0 1 556
UCB 0 2 56
UCB 0 3 210
UCB 0 4 204
UCB 0 5 147
UCB 0 6 91
UCB 0 7 234
UCB 0 8 146
UCB 0 9 134
UCB 0 10 191
UCB 0 11 71
UCB 0 12 227
UCB 0 13 78
UCB 0 14 162
UCB 0 15 229
UCB 0 16 86
UCB 0 17 403
UCB 0 18 209
UCB 0 19 89
UCB 0 20 88
UCB 0 21 146
UCB 0 22 107
UCB 0 23 152
UCB 0 24 341
UCB 0 25 375
UCB 0 26 51
UCB 0 27 112
UCB 0 28 230
UCB 0 29 200
UCB 0 30 221
UCB 0 31 236
UCB 0 32 262
UCB 0 33 202
UCB 0 34 48
UCB 0 35 228
UCB 0 36 326
UCB 0 37 61
UCB 0 38 215
UCB 0 39 117
UCB 0 40 274
UCB 0 41 183
UCB 0 42 328
UCB 0 43 687
UCB 0 44 244
UCB 0 45 439
UCB 0 46 448
UCB 0 47 268
UCB 0 48 191
UCB 0 49 102
UCB 0 50 106
UCB 0 51 489
UCB 0 52 200
UCB 0 53 187
UCB 0 54 169
UCB 0 55 239
UCB 0 56 286
UCB 0 57 218
UCB 0 58 165
UCB 0 59 144
UCB 0 60 114
UCB 0 61 300
UCB 0 62 720
UCB 0 63 553
UCB 0 64 611
UCB 0 65 881
UCB 0 66 128
UCB 0 67 470
UCB 0 68 601
UCB 0 69 324
UCB 0 70 173
UCB 0 71 381
UCB 0 72 254
UCB 0 73 194
UCB 0 74 462
UCB 0 75 375
UCB 0 76 240
UCB 0 77 453
UCB 0 78 631
UCB 0 79 107
UCB 0 80 287
UCB 0 81 448
UCB 0 82 489
UCB 0 83 234
UCB 0 84 508
UCB 0 85 258
UCB 0 86 345
UCB 0 87 612
UCB 0 88 744
UCB 0 89 498
UCB 0 90 660
UCB 0 91 548
UCB 0 92 277
UCB 0 93 632
UCB 0 94 249
UCB 0 95 588
UCB 0 96 398
UCB 0 97 520
UCB 0 98 378
UCB 0 99 896
CBIR 1 0 1000
CBIR 1 1 1000
CBIR 1 2 1000
CBIR 1 3 1000
CBIR 1 4 1000
CBIR 1 5 1000
CBIR 1 6 1000
CBIR 1 7 1000
CBIR 1 8 945
CBIR 1 9 152
CBIR 1 10 940
CBIR 1 11 489
CBIR 1 12 273
CBIR 1 13 201
CBIR 1 14 195
CBIR 1 15 503
CBIR 1 16 176
CBIR 1 17 317
CBIR 1 18 841
CBIR 1 19 272
CBIR 1 20 569
CBIR 1 21 282
CBIR 1 22 331
CBIR 1 23 704
CBIR 1 24 297
CBIR 1 25 130
CBIR 1 26 265
CBIR 1 27 430
CBIR 1 28 770
CBIR 1 29 259
CBIR 1 30 99
CBIR 1 31 838
CBIR 1 32 328
CBIR 1 33 713
CBIR 1 34 284
CBIR 1 35 173
CBIR 1 36 433
CBIR 1 37 383
CBIR 1 38 206
CBIR 1 39 177
CBIR 1 40 296
CBIR 1 41 501
CBIR 1 42 497
CBIR 1 43 487
CBIR 1 44 244
CBIR 1 45 263
CBIR 1 46 699
CBIR 1 47 600
CBIR 1 48 100
CBIR 1 49 201
CBIR 1 50 696
CBIR 1 51 608
CBIR 1 52 297
CBIR 1 53 609
CBIR 1 54 224
CBIR 1 55 770
CBIR 1 56 388
CBIR 1 57 900
CBIR 1 58 247
CBIR 1 59 84
CBIR 1 60 270
CBIR 1 61 91
CBIR 1 62 102
CBIR 1 63 305
CBIR 1 64 490
CBIR 1 65 123
CBIR 1 66 402
CBIR 1 67 154
CBIR 1 68 321
CBIR 1 69 140
CBIR 1 70 303
CBIR 1 71 391
CBIR 1 72 358
CBIR 1 73 215
CBIR 1 74 283
CBIR 1 75 176
CBIR 1 76 739
CBIR 1 77 148
CBIR 1 78 434
CBIR 1 79 598
CBIR 1 80 53
CBIR 1 81 111
CBIR 1 82 140
CBIR 1 83 458
CBIR 1 84 245
CBIR 1 85 93
CBIR 1 86 600
CBIR 1 87 823
CBIR 1 88 181
CBIR 1 89 488
CBIR 1 90 699
CBIR 1 91 197
CBIR 1 92 441
CBIR 1 93 385
CBIR 1 94 111
CBIR 1 95 559
CBIR 1 96 189
CBIR 1 97 227
CBIR 1 98 493
CBIR 1 99 198
UCB 1 0 1000
UCB 1 1 216
UCB 1 2 50
UCB 1 3 46
UCB 1 4 220
UCB 1 5 129
UCB 1 6 49
UCB 1 7 197
UCB 1 8 55
UCB 1 9 139
UCB 1 10 89
UCB 1 11 202
UCB 1 12 86
UCB 1 13 362
UCB 1 14 58
UCB 1 15 39
UCB 1 16 156
UCB 1 17 186
UCB 1 18 48
UCB 1 19 85
UCB 1 20 127
UCB 1 21 35
UCB 1 22 62
UCB 1 23 81
UCB 1 24 40
UCB 1 25 109
UCB 1 26 243
UCB 1 27 59
UCB 1 28 156
UCB 1 29 288
UCB 1 30 472
UCB 1 31 219
UCB 1 32 36
UCB 1 33 263
UCB 1 34 95
UCB 1 35 61
UCB 1 36 283
UCB 1 37 233
UCB 1 38 318
UCB 1 39 183
UCB 1 40 169
UCB 1 41 223
UCB 1 42 303
UCB 1 43 488
UCB 1 44 122
UCB 1 45 122
UCB 1 46 466
UCB 1 47 412
UCB 1 48 159
UCB 1 49 248
UCB 1 50 413
UCB 1 51 297
UCB 1 52 219
UCB 1 53 301
UCB 1 54 249
UCB 1 55 100
UCB 1 56 334
UCB 1 57 156
UCB 1 58 105
UCB 1 59 525
UCB 1 60 1000
UCB 1 61 660
UCB 1 62 405
UCB 1 63 386
UCB 1 64 579
UCB 1 65 587
UCB 1 66 1000
UCB 1 67 865
UCB 1 68 526
UCB 1 69 240
UCB 1 70 283
UCB 1 71 506
UCB 1 72 100
UCB 1 73 510
UCB 1 74 397
UCB 1 75 517
UCB 1 76 685
UCB 1 77 343
UCB 1 78 376
UCB 1 79 1000
UCB 1 80 920
UCB 1 81 276
UCB 1 82 386
UCB 1 83 208
UCB 1 84 479
UCB 1 85 306
UCB 1 86 501
UCB 1 87 263
UCB 1 88 144
UCB 1 89 142
UCB 1 90 338
UCB 1 91 300
UCB 1 92 407
UCB 1 93 109
UCB 1 94 182
UCB 1 95 403
UCB 1 96 320
UCB 1 97 473
UCB 1 98 220
UCB 1 99 377
CBIR 2 0 1000
CBIR 2 1 1000
CBIR 2 2 1000
CBIR 2 3 1000
CBIR 2 4 1000
CBIR 2 5 1000
CBIR 2 6 1000
CBIR 2 7 1000
CBIR 2 8 1000
CBIR 2 9 1000
CBIR 2 10 1000
CBIR 2 11 1000
CBIR 2 12 1000
CBIR 2 13 1000
CBIR 2 14 1000
CBIR 2 15 1000
CBIR 2 16 1000
CBIR 2 17 1000
CBIR 2 18 1000
CBIR 2 19 1000
CBIR 2 20 1000
CBIR 2 21 1000
CBIR 2 22 1000
CBIR 2 23 1000
CBIR 2 24 1000
CBIR 2 25 1000
CBIR 2 26 1000
CBIR 2 27 1000
CBIR 2 28 1000
CBIR 2 29 1000
CBIR 2 30 1000
CBIR 2 31 1000
CBIR 2 32 1000
CBIR 2 33 1000
CBIR 2 34 1000
CBIR 2 35 1000
CBIR 2 36 1000
CBIR 2 37 1000
CBIR 2 38 1000
CBIR 2 39 1000
CBIR 2 40 1000
CBIR 2 41 1000
CBIR 2 42 1000
CBIR 2 43 1000
CBIR 2 44 1000
CBIR 2 45 1000
CBIR 2 46 1000
CBIR 2 47 1000
CBIR 2 48 1000
CBIR 2 49 1000
CBIR 2 50 1000
CBIR 2 51 1000
CBIR 2 52 1000
CBIR 2 53 1000
CBIR 2 54 1000
CBIR 2 55 1000
CBIR 2 56 1000
CBIR 2 57 1000
CBIR 2 58 1000
CBIR 2 59 1000
CBIR 2 60 1000
CBIR 2 61 1000
CBIR 2 62 1000
CBIR 2 63 1000
CBIR 2 64 1000
CBIR 2 65 1000
CBIR 2 66 1000
CBIR 2 67 1000
CBIR 2 68 1000
CBIR 2 69 1000
CBIR 2 70 1000
CBIR 2 71 1000
CBIR 2 72 1000
CBIR 2 73 1000
CBIR 2 74 1000
CBIR 2 75 1000
CBIR 2 76 1000
CBIR 2 77 1000
CBIR 2 78 1000
CBIR 2 79 1000
CBIR 2 80 1000
CBIR 2 81 1000
CBIR 2 82 1000
CBIR 2 83 1000
CBIR 2 84 1000
CBIR 2 85 1000
CBIR 2 86 1000
CBIR 2 87 1000
CBIR 2 88 1000
CBIR 2 89 1000
CBIR 2 90 1000
CBIR 2 91 1000
CBIR 2 92 1000
CBIR 2 93 1000
CBIR 2 94 1000
CBIR 2 95 1000
CBIR 2 96 1000
CBIR 2 97 1000
CBIR 2 98 1000
CBIR 2 99 1000
UCB 2 0 1000
UCB 2 1 1000
UCB 2 2 919
UCB 2 3 123
UCB 2 4 1000
UCB 2 5 97
UCB 2 6 167
UCB 2 7 132
UCB 2 8 201
UCB 2 9 252
UCB 2 10 413
UCB 2 11 91
UCB 2 12 308
UCB 2 13 229
UCB 2 14 227
UCB 2 15 151
UCB 2 16 162
UCB 2 17 216
UCB 2 18 223
UCB 2 19 279
UCB 2 20 483
UCB 2 21 1000
UCB 2 22 322
UCB 2 23 290
UCB 2 24 130
UCB 2 25 564
UCB 2 26 74
UCB 2 27 431
UCB 2 28 317
UCB 2 29 277
UCB 2 30 231
UCB 2 31 488
UCB 2 32 475
UCB 2 33 238
UCB 2 34 332
UCB 2 35 448
UCB 2 36 1000
UCB 2 37 213
UCB 2 38 394
UCB 2 39 401
UCB 2 40 382
UCB 2 41 308
UCB 2 42 331
UCB 2 43 545
UCB 2 44 110
UCB 2 45 326
UCB 2 46 370
UCB 2 47 394
UCB 2 48 214
UCB 2 49 190
UCB 2 50 691
UCB 2 51 463
UCB 2 52 287
UCB 2 53 327
UCB 2 54 344
UCB 2 55 420
UCB 2 56 135
UCB 2 57 513
UCB 2 58 300
UCB 2 59 327
UCB 2 60 401
UCB 2 61 348
UCB 2 62 222
UCB 2 63 598
UCB 2 64 555
UCB 2 65 210
UCB 2 66 430
UCB 2 67 300
UCB 2 68 398
UCB 2 69 217
UCB 2 70 283
UCB 2 71 800
UCB 2 72 397
UCB 2 73 1000
UCB 2 74 454
UCB 2 75 270
UCB 2 76 876
UCB 2 77 1000
UCB 2 78 996
UCB 2 79 360
UCB 2 80 375
UCB 2 81 386
UCB 2 82 185
UCB 2 83 310
UCB 2 84 411
UCB 2 85 32
UCB 2 86 359
UCB 2 87 287
UCB 2 88 259
UCB 2 89 179
UCB 2 90 271
UCB 2 91 388
UCB 2 92 501
UCB 2 93 482
UCB 2 94 724
UCB 2 95 614
UCB 2 96 829
UCB 2 97 540
UCB 2 98 488
UCB 2 99 506
CBIR 3 0 1000
CBIR 3 1 1000
CBIR 3 2 1000
CBIR 3 3 1000
CBIR 3 4 1000
CBIR 3 5 1000
CBIR 3 6 1000
CBIR 3 7 911
CBIR 3 8 1000
CBIR 3 9 622
CBIR 3 10 366
CBIR 3 11 222
CBIR 3 12 83
CBIR 3 13 202
CBIR 3 14 192
CBIR 3 15 112
CBIR 3 16 103
CBIR 3 17 302
CBIR 3 18 378
CBIR 3 19 424
CBIR 3 20 295
CBIR 3 21 578
CBIR 3 22 398
CBIR 3 23 700
CBIR 3 24 299
CBIR 3 25 298
CBIR 3 26 321
CBIR 3 27 502
CBIR 3 28 472
CBIR 3 29 394
CBIR 3 30 519
CBIR 3 31 884
CBIR 3 32 499
CBIR 3 33 1000
CBIR 3 34 306
CBIR 3 35 239
CBIR 3 36 208
CBIR 3 37 537
CBIR 3 38 208
CBIR 3 39 748
CBIR 3 40 661
CBIR 3 41 301
CBIR 3 42 114
CBIR 3 43 599
CBIR 3 44 378
CBIR 3 45 192
CBIR 3 46 896
CBIR 3 47 112
CBIR 3 48 231
CBIR 3 49 740
CBIR 3 50 513
CBIR 3 51 864
CBIR 3 52 1000
CBIR 3 53 1000
CBIR 3 54 1000
CBIR 3 55 1000
CBIR 3 56 1000
CBIR 3 57 1000
CBIR 3 58 1000
CBIR 3 59 880
CBIR 3 60 418
CBIR 3 61 459
CBIR 3 62 833
CBIR 3 63 303
CBIR 3 64 147
CBIR 3 65 315
CBIR 3 66 164
CBIR 3 67 709
CBIR 3 68 500
CBIR 3 69 402
CBIR 3 70 696
CBIR 3 71 796
CBIR 3 72 611
CBIR 3 73 291
CBIR 3 74 309
CBIR 3 75 335
CBIR 3 76 577
CBIR 3 77 271
CBIR 3 78 299
CBIR 3 79 160
CBIR 3 80 638
CBIR 3 81 504
CBIR 3 82 500
CBIR 3 83 1000
CBIR 3 84 296
CBIR 3 85 577
CBIR 3 86 818
CBIR 3 87 568
CBIR 3 88 330
CBIR 3 89 504
CBIR 3 90 1000
CBIR 3 91 698
CBIR 3 92 554
CBIR 3 93 471
CBIR 3 94 269
CBIR 3 95 809
CBIR 3 96 219
CBIR 3 97 269
CBIR 3 98 105
CBIR 3 99 292
UCB 3 0 1000
UCB 3 1 1000
UCB 3 2 1000
UCB 3 3 1000
UCB 3 4 1000
UCB 3 5 460
UCB 3 6 762
UCB 3 7 306
UCB 3 8 100
UCB 3 9 185
UCB 3 10 398
UCB 3 11 180
UCB 3 12 214
UCB 3 13 114
UCB 3 14 204
UCB 3 15 280
UCB 3 16 337
UCB 3 17 61
UCB 3 18 603
UCB 3 19 215
UCB 3 20 150
UCB 3 21 65
UCB 3 22 193
UCB 3 23 65
UCB 3 24 305
UCB 3 25 584
UCB 3 26 417
UCB 3 27 263
UCB 3 28 280
UCB 3 29 169
UCB 3 30 81
UCB 3 31 898
UCB 3 32 406
UCB 3 33 94
UCB 3 34 72
UCB 3 35 214
UCB 3 36 495
UCB 3 37 407
UCB 3 38 199
UCB 3 39 298
UCB 3 40 136
UCB 3 41 61
UCB 3 42 504
UCB 3 43 213
UCB 3 44 871
UCB 3 45 211
UCB 3 46 192
UCB 3 47 196
UCB 3 48 227
UCB 3 49 265
UCB 3 50 516
UCB 3 51 37
UCB 3 52 186
UCB 3 53 287
UCB 3 54 409
UCB 3 55 247
UCB 3 56 240
UCB 3 57 777
UCB 3 58 674
UCB 3 59 135
UCB 3 60 350
UCB 3 61 258
UCB 3 62 732
UCB 3 63 451
UCB 3 64 269
UCB 3 65 694
UCB 3 66 443
UCB 3 67 788
UCB 3 68 1000
UCB 3 69 1000
UCB 3 70 295
UCB 3 71 1000
UCB 3 72 752
UCB 3 73 512
UCB 3 74 568
UCB 3 75 813
UCB 3 76 304
UCB 3 77 324
UCB 3 78 295
UCB 3 79 677
UCB 3 80 169
UCB 3 81 377
UCB 3 82 223
UCB 3 83 269
UCB 3 84 81
UCB 3 85 632
UCB 3 86 391
UCB 3 87 331
UCB 3 88 117
UCB 3 89 237
UCB 3 90 409
UCB 3 91 414
UCB 3 92 385
UCB 3 93 213
UCB 3 94 583
UCB 3 95 570
UCB 3 96 134
UCB 3 97 628
UCB 3 98 76
UCB 3 99 261
CBIR 4 0 1000
CBIR 4 1 1000
CBIR 4 2 1000
CBIR 4 3 1000
CBIR 4 4 1000
CBIR 4 5 1000
CBIR 4 6 1000
CBIR 4 7 1000
CBIR 4 8 1000
CBIR 4 9 1000
CBIR 4 10 1000
CBIR 4 11 1000
CBIR 4 12 1000
CBIR 4 13 1000
CBIR 4 14 1000
CBIR 4 15 1000
CBIR 4 16 1000
CBIR 4 17 1000
CBIR 4 18 1000
CBIR 4 19 1000
CBIR 4 20 1000
CBIR 4 21 1000
CBIR 4 22 175
CBIR 4 23 824
CBIR 4 24 576
CBIR 4 25 290
CBIR 4 26 432
CBIR 4 27 204
CBIR 4 28 293
CBIR 4 29 505
CBIR 4 30 409
CBIR 4 31 545
CBIR 4 32 564
CBIR 4 33 375
CBIR 4 34 404
CBIR 4 35 294
CBIR 4 36 296
CBIR 4 37 212
CBIR 4 38 292
CBIR 4 39 296
CBIR 4 40 622
CBIR 4 41 223
CBIR 4 42 161
CBIR 4 43 497
CBIR 4 44 254
CBIR 4 45 657
CBIR 4 46 289
CBIR 4 47 550
CBIR 4 48 235
CBIR 4 49 622
CBIR 4 50 86
CBIR 4 51 293
CBIR 4 52 463
CBIR 4 53 433
CBIR 4 54 422
CBIR 4 55 136
CBIR 4 56 172
CBIR 4 57 464
CBIR 4 58 509
CBIR 4 59 974
CBIR 4 60 418
CBIR 4 61 334
CBIR 4 62 765
CBIR 4 63 258
CBIR 4 64 1000
CBIR 4 65 155
CBIR 4 66 405
CBIR 4 67 874
CBIR 4 68 1000
CBIR 4 69 499
CBIR 4 70 305
CBIR 4 71 192
CBIR 4 72 381
CBIR 4 73 225
CBIR 4 74 278
CBIR 4 75 320
CBIR 4 76 395
CBIR 4 77 487
CBIR 4 78 284
CBIR 4 79 582
CBIR 4 80 143
CBIR 4 81 496
CBIR 4 82 400
CBIR 4 83 365
CBIR 4 84 532
CBIR 4 85 1000
CBIR 4 86 431
CBIR 4 87 368
CBIR 4 88 1000
CBIR 4 89 201
CBIR 4 90 449
CBIR 4 91 449
CBIR 4 92 602
CBIR 4 93 389
CBIR 4 94 772
CBIR 4 95 629
CBIR 4 96 1000
CBIR 4 97 1000
CBIR 4 98 902
CBIR 4 99 1000
UCB 4 0 1000
UCB 4 1 1000
UCB 4 2 391
UCB 4 3 724
UCB 4 4 140
UCB 4 5 343
UCB 4 6 64
UCB 4 7 36
UCB 4 8 305
UCB 4 9 413
UCB 4 10 140
UCB 4 11 539
UCB 4 12 202
UCB 4 13 26
UCB 4 14 180
UCB 4 15 196
UCB 4 16 275
UCB 4 17 167
UCB 4 18 193
UCB 4 19 43
UCB 4 20 247
UCB 4 21 265
UCB 4 22 228
UCB 4 23 315
UCB 4 24 74
UCB 4 25 274
UCB 4 26 103
UCB 4 27 225
UCB 4 28 184
UCB 4 29 118
UCB 4 30 185
UCB 4 31 331
UCB 4 32 350
UCB 4 33 119
UCB 4 34 104
UCB 4 35 287
UCB 4 36 279
UCB 4 37 44
UCB 4 38 395
UCB 4 39 159
UCB 4 40 162
UCB 4 41 456
UCB 4 42 292
UCB 4 43 686
UCB 4 44 210
UCB 4 45 328
UCB 4 46 297
UCB 4 47 342
UCB 4 48 532
UCB 4 49 207
UCB 4 50 306
UCB 4 51 252
UCB 4 52 104
UCB 4 53 416
UCB 4 54 222
UCB 4 55 146
UCB 4 56 59
UCB 4 57 365
UCB 4 58 318
UCB 4 59 340
UCB 4 60 38
UCB 4 61 73
UCB 4 62 733
UCB 4 63 194
UCB 4 64 501
UCB 4 65 243
UCB 4 66 372
UCB 4 67 309
UCB 4 68 317
UCB 4 69 356
UCB 4 70 63
UCB 4 71 129
UCB 4 72 118
UCB 4 73 506
UCB 4 74 281
UCB 4 75 91
UCB 4 76 158
UCB 4 77 102
UCB 4 78 415
UCB 4 79 435
UCB 4 80 61
UCB 4 81 126
UCB 4 82 188
UCB 4 83 410
UCB 4 84 730
UCB 4 85 228
UCB 4 86 566
UCB 4 87 377
UCB 4 88 165
UCB 4 89 860
UCB 4 90 453
UCB 4 91 317
UCB 4 92 693
UCB 4 93 1000
UCB 4 94 389
UCB 4 95 549
UCB 4 96 584
UCB 4 97 774
UCB 4 98 124
UCB 4 99 283
CBIR 5 0 1000
CBIR 5 1 1000
CBIR 5 2 1000
CBIR 5 3 1000
CBIR 5 4 1000
CBIR 5 5 1000
CBIR 5 6 1000
CBIR 5 7 1000
CBIR 5 8 1000
CBIR 5 9 1000
CBIR 5 10 1000
CBIR 5 11 1000
CBIR 5 12 1000
CBIR 5 13 1000
CBIR 5 14 1000
CBIR 5 15 1000
CBIR 5 16 1000
CBIR 5 17 1000
CBIR 5 18 1000
CBIR 5 19 650
CBIR 5 20 1000
CBIR 5 21 1000
CBIR 5 22 156
CBIR 5 23 592
CBIR 5 24 158
CBIR 5 25 31
CBIR 5 26 109
CBIR 5 27 298
CBIR 5 28 270
CBIR 5 29 242
CBIR 5 30 78
CBIR 5 31 173
CBIR 5 32 242
CBIR 5 33 104
CBIR 5 34 249
CBIR 5 35 674
CBIR 5 36 175
CBIR 5 37 289
CBIR 5 38 593
CBIR 5 39 208
CBIR 5 40 608
CBIR 5 41 286
CBIR 5 42 267
CBIR 5 43 137
CBIR 5 44 369
CBIR 5 45 218
CBIR 5 46 208
CBIR 5 47 499
CBIR 5 48 396
CBIR 5 49 99
CBIR 5 50 110
CBIR 5 51 56
CBIR 5 52 228
CBIR 5 53 352
CBIR 5 54 543
CBIR 5 55 281
CBIR 5 56 524
CBIR 5 57 124
CBIR 5 58 647
CBIR 5 59 448
CBIR 5 60 246
CBIR 5 61 234
CBIR 5 62 788
CBIR 5 63 404
CBIR 5 64 395
CBIR 5 65 185
CBIR 5 66 544
CBIR 5 67 467
CBIR 5 68 155
CBIR 5 69 144
CBIR 5 70 220
CBIR 5 71 119
CBIR 5 72 261
CBIR 5 73 438
CBIR 5 74 357
CBIR 5 75 698
CBIR 5 76 249
CBIR 5 77 231
CBIR 5 78 318
CBIR 5 79 239
CBIR 5 80 453
CBIR 5 81 218
CBIR 5 82 115
CBIR 5 83 271
CBIR 5 84 497
CBIR 5 85 116
CBIR 5 86 211
CBIR 5 87 390
CBIR 5 88 179
CBIR 5 89 299
CBIR 5 90 621
CBIR 5 91 282
CBIR 5 92 440
CBIR 5 93 459
CBIR 5 94 233
CBIR 5 95 262
CBIR 5 96 166
CBIR 5 97 130
CBIR 5 98 305
CBIR 5 99 193
UCB 5 0 1000
UCB 5 1 1000
UCB 5 2 1000
UCB 5 3 40
UCB 5 4 96
UCB 5 5 1000
UCB 5 6 243
UCB 5 7 132
UCB 5 8 182
UCB 5 9 141
UCB 5 10 261
UCB 5 11 135
UCB 5 12 168
UCB 5 13 105
UCB 5 14 194
UCB 5 15 149
UCB 5 16 46
UCB 5 17 697
UCB 5 18 111
UCB 5 19 189
UCB 5 20 179
UCB 5 21 74
UCB 5 22 27
UCB 5 23 245
UCB 5 24 371
UCB 5 25 235
UCB 5 26 227
UCB 5 27 235
UCB 5 28 204
UCB 5 29 348
UCB 5 30 383
UCB 5 31 202
UCB 5 32 66
UCB 5 33 117
UCB 5 34 339
UCB 5 35 138
UCB 5 36 392
UCB 5 37 421
UCB 5 38 179
UCB 5 39 205
UCB 5 40 319
UCB 5 41 70
UCB 5 42 454
UCB 5 43 386
UCB 5 44 462
UCB 5 45 193
UCB 5 46 150
UCB 5 47 151
UCB 5 48 341
UCB 5 49 289
UCB 5 50 179
UCB 5 51 284
UCB 5 52 300
UCB 5 53 304
UCB 5 54 236
UCB 5 55 156
UCB 5 56 53
UCB 5 57 445
UCB 5 58 298
UCB 5 59 398
UCB 5 60 197
UCB 5 61 513
UCB 5 62 373
UCB 5 63 436
UCB 5 64 307
UCB 5 65 305
UCB 5 66 231
UCB 5 67 658
UCB 5 68 572
UCB 5 69 407
UCB 5 70 592
UCB 5 71 507
UCB 5 72 117
UCB 5 73 489
UCB 5 74 205
UCB 5 75 350
UCB 5 76 724
UCB 5 77 301
UCB 5 78 1000
UCB 5 79 584
UCB 5 80 350
UCB 5 81 593
UCB 5 82 329
UCB 5 83 740
UCB 5 84 238
UCB 5 85 190
UCB 5 86 373
UCB 5 87 300
UCB 5 88 369
UCB 5 89 149
UCB 5 90 187
UCB 5 91 287
UCB 5 92 448
UCB 5 93 549
UCB 5 94 406
UCB 5 95 376
UCB 5 96 121
UCB 5 97 594
UCB 5 98 418
UCB 5 99 400
CBIR 6 0 1000
CBIR 6 1 1000
CBIR 6 2 1000
CBIR 6 3 1000
CBIR 6 4 1000
CBIR 6 5 1000
CBIR 6 6 1000
CBIR 6 7 1000
CBIR 6 8 1000
CBIR 6 9 1000
CBIR 6 10 1000
CBIR 6 11 1000
CBIR 6 12 1000
CBIR 6 13 1000
CBIR 6 14 1000
CBIR 6 15 1000
CBIR 6 16 1000
CBIR 6 17 1000
CBIR 6 18 1000
CBIR 6 19 1000
CBIR 6 20 1000
CBIR 6 21 1000
CBIR 6 22 1000
CBIR 6 23 1000
CBIR 6 24 422
CBIR 6 25 1000
CBIR 6 26 259
CBIR 6 27 338
CBIR 6 28 279
CBIR 6 29 336
CBIR 6 30 393
CBIR 6 31 170
CBIR 6 32 499
CBIR 6 33 292
CBIR 6 34 334
CBIR 6 35 99
CBIR 6 36 269
CBIR 6 37 244
CBIR 6 38 385
CBIR 6 39 270
CBIR 6 40 357
CBIR 6 41 487
CBIR 6 42 472
CBIR 6 43 82
CBIR 6 44 230
CBIR 6 45 163
CBIR 6 46 86
CBIR 6 47 513
CBIR 6 48 400
CBIR 6 49 200
CBIR 6 50 402
CBIR 6 51 192
CBIR 6 52 304
CBIR 6 53 996
CBIR 6 54 598
CBIR 6 55 299
CBIR 6 56 850
CBIR 6 57 279
CBIR 6 58 283
CBIR 6 59 388
CBIR 6 60 402
CBIR 6 61 204
CBIR 6 62 589
CBIR 6 63 613
CBIR 6 64 657
CBIR 6 65 465
CBIR 6 66 169
CBIR 6 67 394
CBIR 6 68 282
CBIR 6 69 460
CBIR 6 70 157
CBIR 6 71 236
CBIR 6 72 143
CBIR 6 73 113
CBIR 6 74 297
CBIR 6 75 411
CBIR 6 76 271
CBIR 6 77 219
CBIR 6 78 396
CBIR 6 79 316
CBIR 6 80 294
CBIR 6 81 171
CBIR 6 82 273
CBIR 6 83 241
CBIR 6 84 198
CBIR 6 85 219
CBIR 6 86 482
CBIR 6 87 500
CBIR 6 88 88
CBIR 6 89 243
CBIR 6 90 464
CBIR 6 91 597
CBIR 6 92 344
CBIR 6 93 357
CBIR 6 94 399
CBIR 6 95 298
CBIR 6 96 397
CBIR 6 97 305
CBIR 6 98 592
CBIR 6 99 333
UCB 6 0 1000
UCB 6 1 1000
UCB 6 2 1000
UCB 6 3 1000
UCB 6 4 1000
UCB 6 5 1000
UCB 6 6 1000
UCB 6 7 1000
UCB 6 8 1000
UCB 6 9 1000
UCB 6 10 411
UCB 6 11 1000
UCB 6 12 222
UCB 6 13 89
UCB 6 14 149
UCB 6 15 341
UCB 6 16 109
UCB 6 17 189
UCB 6 18 224
UCB 6 19 81
UCB 6 20 24
UCB 6 21 474
UCB 6 22 383
UCB 6 23 398
UCB 6 24 602
UCB 6 25 202
UCB 6 26 193
UCB 6 27 112
UCB 6 28 436
UCB 6 29 356
UCB 6 30 288
UCB 6 31 399
UCB 6 32 300
UCB 6 33 300
UCB 6 34 205
UCB 6 35 45
UCB 6 36 379
UCB 6 37 392
UCB 6 38 277
UCB 6 39 693
UCB 6 40 398
UCB 6 41 537
UCB 6 42 415
UCB 6 43 274
UCB 6 44 82
UCB 6 45 35
UCB 6 46 60
UCB 6 47 212
UCB 6 48 496
UCB 6 49 338
UCB 6 50 249
UCB 6 51 529
UCB 6 52 613
UCB 6 53 149
UCB 6 54 402
UCB 6 55 315
UCB 6 56 179
UCB 6 57 473
UCB 6 58 332
UCB 6 59 338
UCB 6 60 702
UCB 6 61 158
UCB 6 62 190
UCB 6 63 348
UCB 6 64 219
UCB 6 65 79
UCB 6 66 242
UCB 6 67 326
UCB 6 68 233
UCB 6 69 565
UCB 6 70 1000
UCB 6 71 423
UCB 6 72 941
UCB 6 73 618
UCB 6 74 930
UCB 6 75 317
UCB 6 76 816
UCB 6 77 461
UCB 6 78 227
UCB 6 79 249
UCB 6 80 690
UCB 6 81 566
UCB 6 82 331
UCB 6 83 1000
UCB 6 84 1000
UCB 6 85 816
UCB 6 86 396
UCB 6 87 486
UCB 6 88 117
UCB 6 89 244
UCB 6 90 336
UCB 6 91 594
UCB 6 92 99
UCB 6 93 303
UCB 6 94 271
UCB 6 95 534
UCB 6 96 288
UCB 6 97 331
UCB 6 98 455
UCB 6 99 876
CBIR 7 0 1000
CBIR 7 1 1000
CBIR 7 2 303
CBIR 7 3 878
CBIR 7 4 417
CBIR 7 5 214
CBIR 7 6 203
CBIR 7 7 412
CBIR 7 8 330
CBIR 7 9 163
CBIR 7 10 89
CBIR 7 11 83
CBIR 7 12 100
CBIR 7 13 131
CBIR 7 14 366
CBIR 7 15 366
CBIR 7 16 393
CBIR 7 17 301
CBIR 7 18 268
CBIR 7 19 178
CBIR 7 20 91
CBIR 7 21 510
CBIR 7 22 289
CBIR 7 23 211
CBIR 7 24 586
CBIR 7 25 497
CBIR 7 26 225
CBIR 7 27 572
CBIR 7 28 321
CBIR 7 29 343
CBIR 7 30 337
CBIR 7 31 440
CBIR 7 32 58
CBIR 7 33 367
CBIR 7 34 280
CBIR 7 35 548
CBIR 7 36 399
CBIR 7 37 67
CBIR 7 38 330
CBIR 7 39 102
CBIR 7 40 36
CBIR 7 41 244
CBIR 7 42 138
CBIR 7 43 209
CBIR 7 44 68
CBIR 7 45 639
CBIR 7 46 256
CBIR 7 47 283
CBIR 7 48 627
CBIR 7 49 294
CBIR 7 50 529
CBIR 7 51 195
CBIR 7 52 384
CBIR 7 53 293
CBIR 7 54 146
CBIR 7 55 450
CBIR 7 56 242
CBIR 7 57 270
CBIR 7 58 95
CBIR 7 59 105
CBIR 7 60 271
CBIR 7 61 118
CBIR 7 62 282
CBIR 7 63 102
CBIR 7 64 243
CBIR 7 65 177
CBIR 7 66 176
CBIR 7 67 134
CBIR 7 68 94
CBIR 7 69 82
CBIR 7 70 309
CBIR 7 71 105
CBIR 7 72 626
CBIR 7 73 344
CBIR 7 74 511
CBIR 7 75 217
CBIR 7 76 523
CBIR 7 77 174
CBIR 7 78 378
CBIR 7 79 289
CBIR 7 80 297
CBIR 7 81 211
CBIR 7 82 535
CBIR 7 83 551
CBIR 7 84 283
CBIR 7 85 614
CBIR 7 86 313
CBIR 7 87 186
CBIR 7 88 41
CBIR 7 89 62
CBIR 7 90 97
CBIR 7 91 98
CBIR 7 92 145
CBIR 7 93 151
CBIR 7 94 136
CBIR 7 95 401
CBIR 7 96 306
CBIR 7 97 253
CBIR 7 98 398
CBIR 7 99 227
UCB 7 0 1000
UCB 7 1 129
UCB 7 2 683
UCB 7 3 233
UCB 7 4 162
UCB 7 5 126
UCB 7 6 67
UCB 7 7 383
UCB 7 8 121
UCB 7 9 406
UCB 7 10 181
UCB 7 11 267
UCB 7 12 131
UCB 7 13 432
UCB 7 14 120
UCB 7 15 37
UCB 7 16 155
UCB 7 17 153
UCB 7 18 171
UCB 7 19 227
UCB 7 20 347
UCB 7 21 269
UCB 7 22 188
UCB 7 23 119
UCB 7 24 416
UCB 7 25 140
UCB 7 26 714
UCB 7 27 605
UCB 7 28 191
UCB 7 29 306
UCB 7 30 372
UCB 7 31 329
UCB 7 32 197
UCB 7 33 230
UCB 7 34 293
UCB 7 35 271
UCB 7 36 197
UCB 7 37 319
UCB 7 38 483
UCB 7 39 450
UCB 7 40 488
UCB 7 41 142
UCB 7 42 118
UCB 7 43 498
UCB 7 44 197
UCB 7 45 289
UCB 7 46 478
UCB 7 47 201
UCB 7 48 730
UCB 7 49 291
UCB 7 50 189
UCB 7 51 399
UCB 7 52 750
UCB 7 53 1000
UCB 7 54 1000
UCB 7 55 553
UCB 7 56 612
UCB 7 57 269
UCB 7 58 569
UCB 7 59 257
UCB 7 60 385
UCB 7 61 444
UCB 7 62 212
UCB 7 63 415
UCB 7 64 644
UCB 7 65 460
UCB 7 66 1000
UCB 7 67 767
UCB 7 68 315
UCB 7 69 522
UCB 7 70 434
UCB 7 71 392
UCB 7 72 684
UCB 7 73 413
UCB 7 74 292
UCB 7 75 77
UCB 7 76 322
UCB 7 77 642
UCB 7 78 203
UCB 7 79 100
UCB 7 80 167
UCB 7 81 384
UCB 7 82 319
UCB 7 83 396
UCB 7 84 365
UCB 7 85 399
UCB 7 86 220
UCB 7 87 394
UCB 7 88 499
UCB 7 89 205
UCB 7 90 524
UCB 7 91 269
UCB 7 92 208
UCB 7 93 365
UCB 7 94 226
UCB 7 95 404
UCB 7 96 591
UCB 7 97 1000
UCB 7 98 820
UCB 7 99 1000
CBIR 8 0 1000
CBIR 8 1 1000
CBIR 8 2 1000
CBIR 8 3 1000
CBIR 8 4 818
CBIR 8 5 336
CBIR 8 6 645
CBIR 8 7 798
CBIR 8 8 304
CBIR 8 9 119
CBIR 8 10 779
CBIR 8 11 96
CBIR 8 12 435
CBIR 8 13 660
CBIR 8 14 162
CBIR 8 15 285
CBIR 8 16 377
CBIR 8 17 83
CBIR 8 18 448
CBIR 8 19 1000
CBIR 8 20 1000
CBIR 8 21 300
CBIR 8 22 103
CBIR 8 23 42
CBIR 8 24 249
CBIR 8 25 242
CBIR 8 26 199
CBIR 8 27 705
CBIR 8 28 395
CBIR 8 29 599
CBIR 8 30 576
CBIR 8 31 422
CBIR 8 32 722
CBIR 8 33 597
CBIR 8 34 516
CBIR 8 35 460
CBIR 8 36 1000
CBIR 8 37 1000
CBIR 8 38 942
CBIR 8 39 258
CBIR 8 40 687
CBIR 8 41 409
CBIR 8 42 164
CBIR 8 43 944
CBIR 8 44 694
CBIR 8 45 316
CBIR 8 46 476
CBIR 8 47 409
CBIR 8 48 200
CBIR 8 49 327
CBIR 8 50 287
CBIR 8 51 273
CBIR 8 52 514
CBIR 8 53 184
CBIR 8 54 215
CBIR 8 55 291
CBIR 8 56 493
CBIR 8 57 770
CBIR 8 58 373
CBIR 8 59 66
CBIR 8 60 106
CBIR 8 61 85
CBIR 8 62 492
CBIR 8 63 331
CBIR 8 64 366
CBIR 8 65 699
CBIR 8 66 699
CBIR 8 67 1000
CBIR 8 68 700
CBIR 8 69 599
CBIR 8 70 923
CBIR 8 71 1000
CBIR 8 72 406
CBIR 8 73 568
CBIR 8 74 402
CBIR 8 75 432
CBIR 8 76 739
CBIR 8 77 382
CBIR 8 78 1000
CBIR 8 79 1000
CBIR 8 80 306
CBIR 8 81 270
CBIR 8 82 1000
CBIR 8 83 1000
CBIR 8 84 861
CBIR 8 85 299
CBIR 8 86 1000
CBIR 8 87 1000
CBIR 8 88 799
CBIR 8 89 618
CBIR 8 90 771
CBIR 8 91 623
CBIR 8 92 288
CBIR 8 93 468
CBIR 8 94 627
CBIR 8 95 598
CBIR 8 96 354
CBIR 8 97 301
CBIR 8 98 359
CBIR 8 99 592
UCB 8 0 1000
UCB 8 1 802
UCB 8 2 1000
UCB 8 3 1000
UCB 8 4 216
UCB 8 5 556
UCB 8 6 386
UCB 8 7 238
UCB 8 8 300
UCB 8 9 201
UCB 8 10 152
UCB 8 11 143
UCB 8 12 309
UCB 8 13 322
UCB 8 14 567
UCB 8 15 171
UCB 8 16 229
UCB 8 17 123
UCB 8 18 350
UCB 8 19 72
UCB 8 20 81
UCB 8 21 194
UCB 8 22 171
UCB 8 23 317
UCB 8 24 329
UCB 8 25 359
UCB 8 26 75
UCB 8 27 231
UCB 8 28 187
UCB 8 29 142
UCB 8 30 98
UCB 8 31 162
UCB 8 32 305
UCB 8 33 185
UCB 8 34 304
UCB 8 35 314
UCB 8 36 284
UCB 8 37 460
UCB 8 38 454
UCB 8 39 414
UCB 8 40 368
UCB 8 41 522
UCB 8 42 419
UCB 8 43 253
UCB 8 44 495
UCB 8 45 112
UCB 8 46 227
UCB 8 47 171
UCB 8 48 185
UCB 8 49 403
UCB 8 50 267
UCB 8 51 179
UCB 8 52 392
UCB 8 53 256
UCB 8 54 498
UCB 8 55 111
UCB 8 56 517
UCB 8 57 569
UCB 8 58 509
UCB 8 59 803
UCB 8 60 361
UCB 8 61 723
UCB 8 62 526
UCB 8 63 289
UCB 8 64 481
UCB 8 65 751
UCB 8 66 594
UCB 8 67 388
UCB 8 68 495
UCB 8 69 384
UCB 8 70 418
UCB 8 71 96
UCB 8 72 170
UCB 8 73 306
UCB 8 74 436
UCB 8 75 777
UCB 8 76 318
UCB 8 77 227
UCB 8 78 229
UCB 8 79 386
UCB 8 80 385
UCB 8 81 534
UCB 8 82 290
UCB 8 83 402
UCB 8 84 147
UCB 8 85 979
UCB 8 86 508
UCB 8 87 359
UCB 8 88 595
UCB 8 89 356
UCB 8 90 844
UCB 8 91 479
UCB 8 92 450
UCB 8 93 387
UCB 8 94 683
UCB 8 95 544
UCB 8 96 585
UCB 8 97 1000
UCB 8 98 967
UCB 8 99 800
CBIR 9 0 1000
CBIR 9 1 504
CBIR 9 2 1000
CBIR 9 3 427
CBIR 9 4 390
CBIR 9 5 458
CBIR 9 6 272
CBIR 9 7 366
CBIR 9 8 291
CBIR 9 9 633
CBIR 9 10 166
CBIR 9 11 288
CBIR 9 12 176
CBIR 9 13 912
CBIR 9 14 485
CBIR 9 15 155
CBIR 9 16 254
CBIR 9 17 349
CBIR 9 18 167
CBIR 9 19 793
CBIR 9 20 106
CBIR 9 21 304
CBIR 9 22 159
CBIR 9 23 325
CBIR 9 24 701
CBIR 9 25 396
CBIR 9 26 201
CBIR 9 27 77
CBIR 9 28 461
CBIR 9 29 100
CBIR 9 30 157
CBIR 9 31 415
CBIR 9 32 187
CBIR 9 33 394
CBIR 9 34 202
CBIR 9 35 130
CBIR 9 36 226
CBIR 9 37 321
CBIR 9 38 119
CBIR 9 39 629
CBIR 9 40 91
CBIR 9 41 108
CBIR 9 42 253
CBIR 9 43 211
CBIR 9 44 622
CBIR 9 45 237
CBIR 9 46 152
CBIR 9 47 256
CBIR 9 48 243
CBIR 9 49 146
CBIR 9 50 450
CBIR 9 51 292
CBIR 9 52 144
CBIR 9 53 140
CBIR 9 54 316
CBIR 9 55 92
CBIR 9 56 341
CBIR 9 57 204
CBIR 9 58 367
CBIR 9 59 284
CBIR 9 60 176
CBIR 9 61 221
CBIR 9 62 902
CBIR 9 63 185
CBIR 9 64 68
CBIR 9 65 240
CBIR 9 66 62
CBIR 9 67 361
CBIR 9 68 598
CBIR 9 69 675
CBIR 9 70 395
CBIR 9 71 717
CBIR 9 72 800
CBIR 9 73 184
CBIR 9 74 710
CBIR 9 75 888
CBIR 9 76 704
CBIR 9 77 129
CBIR 9 78 339
CBIR 9 79 724
CBIR 9 80 240
CBIR 9 81 959
CBIR 9 82 371
CBIR 9 83 335
CBIR 9 84 391
CBIR 9 85 200
CBIR 9 86 103
CBIR 9 87 512
CBIR 9 88 512
CBIR 9 89 411
CBIR 9 90 475
CBIR 9 91 181
CBIR 9 92 220
CBIR 9 93 476
CBIR 9 94 484
CBIR 9 95 414
CBIR 9 96 801
CBIR 9 97 426
CBIR 9 98 172
CBIR 9 99 165
UCB 9 0 918
UCB 9 1 117
UCB 9 2 176
UCB 9 3 222
UCB 9 4 134
UCB 9 5 68
UCB 9 6 97
UCB 9 7 136
UCB 9 8 41
UCB 9 9 163
UCB 9 10 242
UCB 9 11 342
UCB 9 12 442
UCB 9 13 197
UCB 9 14 68
UCB 9 15 33
UCB 9 16 111
UCB 9 17 93
UCB 9 18 483
UCB 9 19 106
UCB 9 20 43
UCB 9 21 280
UCB 9 22 288
UCB 9 23 242
UCB 9 24 439
UCB 9 25 143
UCB 9 26 48
UCB 9 27 309
UCB 9 28 328
UCB 9 29 298
UCB 9 30 375
UCB 9 31 222
UCB 9 32 145
UCB 9 33 188
UCB 9 34 177
UCB 9 35 271
UCB 9 36 105
UCB 9 37 80
UCB 9 38 400
UCB 9 39 451
UCB 9 40 101
UCB 9 41 198
UCB 9 42 332
UCB 9 43 306
UCB 9 44 201
UCB 9 45 420
UCB 9 46 137
UCB 9 47 252
UCB 9 48 291
UCB 9 49 134
UCB 9 50 162
UCB 9 51 102
UCB 9 52 300
UCB 9 53 184
UCB 9 54 177
UCB 9 55 213
UCB 9 56 423
UCB 9 57 42
UCB 9 58 350
UCB 9 59 412
UCB 9 60 249
UCB 9 61 477
UCB 9 62 355
UCB 9 63 99
UCB 9 64 171
UCB 9 65 106
UCB 9 66 423
UCB 9 67 100
UCB 9 68 363
UCB 9 69 447
UCB 9 70 443
UCB 9 71 119
UCB 9 72 298
UCB 9 73 423
UCB 9 74 452
UCB 9 75 247
UCB 9 76 361
UCB 9 77 265
UCB 9 78 1000
UCB 9 79 399
UCB 9 80 131
UCB 9 81 156
UCB 9 82 599
UCB 9 83 117
UCB 9 84 362
UCB 9 85 297
UCB 9 86 358
UCB 9 87 612
UCB 9 88 659
UCB 9 89 389
UCB 9 90 576
UCB 9 91 448
UCB 9 92 454
UCB 9 93 105
UCB 9 94 921
UCB 9 95 1000
UCB 9 96 788
UCB 9 97 536
UCB 9 98 1000
UCB 9 99 786
CBIR 10 0 1000
CBIR 10 1 1000
CBIR 10 2 1000
CBIR 10 3 1000
CBIR 10 4 1000
CBIR 10 5 1000
CBIR 10 6 1000
CBIR 10 7 1000
CBIR 10 8 1000
CBIR 10 9 1000
CBIR 10 10 1000
CBIR 10 11 1000
CBIR 10 12 1000
CBIR 10 13 1000
CBIR 10 14 1000
CBIR 10 15 1000
CBIR 10 16 1000
CBIR 10 17 1000
CBIR 10 18 1000
CBIR 10 19 1000
CBIR 10 20 1000
CBIR 10 21 1000
CBIR 10 22 1000
CBIR 10 23 1000
CBIR 10 24 1000
CBIR 10 25 1000
CBIR 10 26 1000
CBIR 10 27 1000
CBIR 10 28 1000
CBIR 10 29 1000
CBIR 10 30 1000
CBIR 10 31 1000
CBIR 10 32 1000
CBIR 10 33 1000
CBIR 10 34 1000
CBIR 10 35 933
CBIR 10 36 1000
CBIR 10 37 1000
CBIR 10 38 1000
CBIR 10 39 967
CBIR 10 40 344
CBIR 10 41 201
CBIR 10 42 89
CBIR 10 43 261
CBIR 10 44 282
CBIR 10 45 487
CBIR 10 46 328
CBIR 10 47 58
CBIR 10 48 391
CBIR 10 49 310
CBIR 10 50 195
CBIR 10 51 741
CBIR 10 52 218
CBIR 10 53 212
CBIR 10 54 406
CBIR 10 55 609
CBIR 10 56 224
CBIR 10 57 525
CBIR 10 58 500
CBIR 10 59 727
CBIR 10 60 772
CBIR 10 61 414
CBIR 10 62 584
CBIR 10 63 286
CBIR 10 64 513
CBIR 10 65 843
CBIR 10 66 373
CBIR 10 67 1000
CBIR 10 68 421
CBIR 10 69 459
CBIR 10 70 180
CBIR 10 71 815
CBIR 10 72 622
CBIR 10 73 276
CBIR 10 74 699
CBIR 10 75 511
CBIR 10 76 212
CBIR 10 77 279
CBIR 10 78 595
CBIR 10 79 799
CBIR 10 80 501
CBIR 10 81 1000
CBIR 10 82 1000
CBIR 10 83 601
CBIR 10 84 694
CBIR 10 85 547
CBIR 10 86 574
CBIR 10 87 1000
CBIR 10 88 877
CBIR 10 89 600
CBIR 10 90 73
CBIR 10 91 727
CBIR 10 92 495
CBIR 10 93 1000
CBIR 10 94 302
CBIR 10 95 396
CBIR 10 96 293
CBIR 10 97 505
CBIR 10 98 527
CBIR 10 99 860
UCB 10 0 1000
UCB 10 1 1000
UCB 10 2 112
UCB 10 3 51
UCB 10 4 72
UCB 10 5 593
UCB 10 6 370
UCB 10 7 403
UCB 10 8 420
UCB 10 9 180
UCB 10 10 202
UCB 10 11 110
UCB 10 12 121
UCB 10 13 109
UCB 10 14 77
UCB 10 15 90
UCB 10 16 304
UCB 10 17 273
UCB 10 18 128
UCB 10 19 190
UCB 10 20 127
UCB 10 21 78
UCB 10 22 273
UCB 10 23 151
UCB 10 24 171
UCB 10 25 682
UCB 10 26 358
UCB 10 27 277
UCB 10 28 170
UCB 10 29 290
UCB 10 30 491
UCB 10 31 302
UCB 10 32 795
UCB 10 33 271
UCB 10 34 228
UCB 10 35 282
UCB 10 36 91
UCB 10 37 325
UCB 10 38 902
UCB 10 39 464
UCB 10 40 390
UCB 10 41 142
UCB 10 42 105
UCB 10 43 131
UCB 10 44 472
UCB 10 45 246
UCB 10 46 367
UCB 10 47 111
UCB 10 48 557
UCB 10 49 237
UCB 10 50 262
UCB 10 51 502
UCB 10 52 342
UCB 10 53 411
UCB 10 54 872
UCB 10 55 216
UCB 10 56 153
UCB 10 57 429
UCB 10 58 95
UCB 10 59 785
UCB 10 60 388
UCB 10 61 235
UCB 10 62 378
UCB 10 63 305
UCB 10 64 355
UCB 10 65 148
UCB 10 66 345
UCB 10 67 423
UCB 10 68 536
UCB 10 69 632
UCB 10 70 191
UCB 10 71 280
UCB 10 72 238
UCB 10 73 532
UCB 10 74 384
UCB 10 75 500
UCB 10 76 694
UCB 10 77 610
UCB 10 78 310
UCB 10 79 397
UCB 10 80 331
UCB 10 81 353
UCB 10 82 298
UCB 10 83 498
UCB 10 84 1000
UCB 10 85 1000
UCB 10 86 1000
UCB 10 87 1000
UCB 10 88 1000
UCB 10 89 1000
UCB 10 90 1000
UCB 10 91 1000
UCB 10 92 1000
UCB 10 93 1000
UCB 10 94 1000
UCB 10 95 1000
UCB 10 96 1000
UCB 10 97 1000
UCB 10 98 1000
UCB 10 99 1000
CBIR 11 0 1000
CBIR 11 1 1000
CBIR 11 2 1000
CBIR 11 3 1000
CBIR 11 4 1000
CBIR 11 5 1000
CBIR 11 6 1000
CBIR 11 7 1000
CBIR 11 8 1000
CBIR 11 9 1000
CBIR 11 10 1000
CBIR 11 11 1000
CBIR 11 12 1000
CBIR 11 13 1000
CBIR 11 14 1000
CBIR 11 15 1000
CBIR 11 16 1000
CBIR 11 17 1000
CBIR 11 18 1000
CBIR 11 19 1000
CBIR 11 20 1000
CBIR 11 21 1000
CBIR 11 22 1000
CBIR 11 23 1000
CBIR 11 24 1000
CBIR 11 25 1000
CBIR 11 26 1000
CBIR 11 27 1000
CBIR 11 28 1000
CBIR 11 29 1000
CBIR 11 30 1000
CBIR 11 31 1000
CBIR 11 32 1000
CBIR 11 33 1000
CBIR 11 34 1000
CBIR 11 35 1000
CBIR 11 36 1000
CBIR 11 37 1000
CBIR 11 38 1000
CBIR 11 39 1000
CBIR 11 40 1000
CBIR 11 41 1000
CBIR 11 42 1000
CBIR 11 43 1000
CBIR 11 44 1000
CBIR 11 45 1000
CBIR 11 46 1000
CBIR 11 47 1000
CBIR 11 48 1000
CBIR 11 49 1000
CBIR 11 50 1000
CBIR 11 51 247
CBIR 11 52 557
CBIR 11 53 243
CBIR 11 54 298
CBIR 11 55 166
CBIR 11 56 510
CBIR 11 57 180
CBIR 11 58 397
CBIR 11 59 195
CBIR 11 60 166
CBIR 11 61 546
CBIR 11 62 289
CBIR 11 63 496
CBIR 11 64 201
CBIR 11 65 498
CBIR 11 66 597
CBIR 11 67 434
CBIR 11 68 521
CBIR 11 69 404
CBIR 11 70 139
CBIR 11 71 503
CBIR 11 72 994
CBIR 11 73 289
CBIR 11 74 110
CBIR 11 75 697
CBIR 11 76 598
CBIR 11 77 602
CBIR 11 78 497
CBIR 11 79 704
CBIR 11 80 493
CBIR 11 81 264
CBIR 11 82 534
CBIR 11 83 338
CBIR 11 84 675
CBIR 11 85 184
CBIR 11 86 1000
CBIR 11 87 505
CBIR 11 88 732
CBIR 11 89 873
CBIR 11 90 244
CBIR 11 91 565
CBIR 11 92 904
CBIR 11 93 770
CBIR 11 94 800
CBIR 11 95 1000
CBIR 11 96 799
CBIR 11 97 1000
CBIR 11 98 1000
CBIR 11 99 1000
UCB 11 0 1000
UCB 11 1 1000
UCB 11 2 1000
UCB 11 3 1000
UCB 11 4 1000
UCB 11 5 190
UCB 11 6 631
UCB 11 7 317
UCB 11 8 507
UCB 11 9 463
UCB 11 10 41
UCB 11 11 445
UCB 11 12 270
UCB 11 13 44
UCB 11 14 231
UCB 11 15 110
UCB 11 16 146
UCB 11 17 149
UCB 11 18 148
UCB 11 19 401
UCB 11 20 392
UCB 11 21 206
UCB 11 22 483
UCB 11 23 229
UCB 11 24 105
UCB 11 25 293
UCB 11 26 438
UCB 11 27 150
UCB 11 28 163
UCB 11 29 340
UCB 11 30 200
UCB 11 31 233
UCB 11 32 451
UCB 11 33 215
UCB 11 34 43
UCB 11 35 179
UCB 11 36 584
UCB 11 37 381
UCB 11 38 307
UCB 11 39 382
UCB 11 40 123
UCB 11 41 352
UCB 11 42 176
UCB 11 43 284
UCB 11 44 369
UCB 11 45 97
UCB 11 46 306
UCB 11 47 474
UCB 11 48 282
UCB 11 49 443
UCB 11 50 261
UCB 11 51 132
UCB 11 52 344
UCB 11 53 358
UCB 11 54 181
UCB 11 55 607
UCB 11 56 501
UCB 11 57 196
UCB 11 58 305
UCB 11 59 212
UCB 11 60 181
UCB 11 61 703
UCB 11 62 832
UCB 11 63 270
UCB 11 64 506
UCB 11 65 713
UCB 11 66 235
UCB 11 67 304
UCB 11 68 197
UCB 11 69 329
UCB 11 70 397
UCB 11 71 321
UCB 11 72 182
UCB 11 73 193
UCB 11 74 154
UCB 11 75 243
UCB 11 76 193
UCB 11 77 205
UCB 11 78 399
UCB 11 79 261
UCB 11 80 309
UCB 11 81 333
UCB 11 82 393
UCB 11 83 126
UCB 11 84 518
UCB 11 85 221
UCB 11 86 539
UCB 11 87 224
UCB 11 88 422
UCB 11 89 398
UCB 11 90 604
UCB 11 91 251
UCB 11 92 516
UCB 11 93 515
UCB 11 94 285
UCB 11 95 389
UCB 11 96 312
UCB 11 97 810
UCB 11 98 648
UCB 11 99 274
CBIR 12 0 1000
CBIR 12 1 1000
CBIR 12 2 1000
CBIR 12 3 1000
CBIR 12 4 1000
CBIR 12 5 1000
CBIR 12 6 1000
CBIR 12 7 1000
CBIR 12 8 1000
CBIR 12 9 139
CBIR 12 10 856
CBIR 12 11 1000
CBIR 12 12 1000
CBIR 12 13 343
CBIR 12 14 216
CBIR 12 15 543
CBIR 12 16 214
CBIR 12 17 122
CBIR 12 18 479
CBIR 12 19 218
CBIR 12 20 115
CBIR 12 21 270
CBIR 12 22 374
CBIR 12 23 128
CBIR 12 24 136
CBIR 12 25 374
CBIR 12 26 358
CBIR 12 27 210
CBIR 12 28 221
CBIR 12 29 348
CBIR 12 30 179
CBIR 12 31 137
CBIR 12 32 215
CBIR 12 33 87
CBIR 12 34 231
CBIR 12 35 378
CBIR 12 36 386
CBIR 12 37 197
CBIR 12 38 288
CBIR 12 39 231
CBIR 12 40 280
CBIR 12 41 197
CBIR 12 42 205
CBIR 12 43 66
CBIR 12 44 227
CBIR 12 45 280
CBIR 12 46 193
CBIR 12 47 42
CBIR 12 48 101
CBIR 12 49 179
CBIR 12 50 439
CBIR 12 51 469
CBIR 12 52 578
CBIR 12 53 227
CBIR 12 54 384
CBIR 12 55 198
CBIR 12 56 580
CBIR 12 57 278
CBIR 12 58 538
CBIR 12 59 726
CBIR 12 60 477
CBIR 12 61 790
CBIR 12 62 291
CBIR 12 63 267
CBIR 12 64 205
CBIR 12 65 338
CBIR 12 66 417
CBIR 12 67 327
CBIR 12 68 451
CBIR 12 69 159
CBIR 12 70 241
CBIR 12 71 532
CBIR 12 72 495
CBIR 12 73 174
CBIR 12 74 620
CBIR 12 75 374
CBIR 12 76 498
CBIR 12 77 700
CBIR 12 78 124
CBIR 12 79 373
CBIR 12 80 791
CBIR 12 81 519
CBIR 12 82 288
CBIR 12 83 297
CBIR 12 84 510
CBIR 12 85 248
CBIR 12 86 439
CBIR 12 87 405
CBIR 12 88 156
CBIR 12 89 65
CBIR 12 90 299
CBIR 12 91 461
CBIR 12 92 425
CBIR 12 93 882
CBIR 12 94 600
CBIR 12 95 692
CBIR 12 96 645
CBIR 12 97 280
CBIR 12 98 297
CBIR 12 99 216
UCB 12 0 1000
UCB 12 1 826
UCB 12 2 320
UCB 12 3 208
UCB 12 4 324
UCB 12 5 234
UCB 12 6 371
UCB 12 7 67
UCB 12 8 152
UCB 12 9 252
UCB 12 10 166
UCB 12 11 97
UCB 12 12 487
UCB 12 13 45
UCB 12 14 944
UCB 12 15 192
UCB 12 16 476
UCB 12 17 231
UCB 12 18 129
UCB 12 19 184
UCB 12 20 282
UCB 12 21 103
UCB 12 22 192
UCB 12 23 409
UCB 12 24 432
UCB 12 25 48
UCB 12 26 518
UCB 12 27 319
UCB 12 28 186
UCB 12 29 299
UCB 12 30 87
UCB 12 31 429
UCB 12 32 288
UCB 12 33 420
UCB 12 34 109
UCB 12 35 144
UCB 12 36 419
UCB 12 37 338
UCB 12 38 360
UCB 12 39 291
UCB 12 40 288
UCB 12 41 164
UCB 12 42 242
UCB 12 43 143
UCB 12 44 489
UCB 12 45 91
UCB 12 46 251
UCB 12 47 292
UCB 12 48 526
UCB 12 49 351
UCB 12 50 338
UCB 12 51 172
UCB 12 52 168
UCB 12 53 174
UCB 12 54 281
UCB 12 55 216
UCB 12 56 347
UCB 12 57 434
UCB 12 58 365
UCB 12 59 518
UCB 12 60 514
UCB 12 61 247
UCB 12 62 283
UCB 12 63 373
UCB 12 64 301
UCB 12 65 426
UCB 12 66 716
UCB 12 67 298
UCB 12 68 860
UCB 12 69 350
UCB 12 70 335
UCB 12 71 301
UCB 12 72 497
UCB 12 73 159
UCB 12 74 640
UCB 12 75 154
UCB 12 76 343
UCB 12 77 502
UCB 12 78 600
UCB 12 79 435
UCB 12 80 723
UCB 12 81 326
UCB 12 82 152
UCB 12 83 328
UCB 12 84 533
UCB 12 85 839
UCB 12 86 453
UCB 12 87 774
UCB 12 88 323
UCB 12 89 506
UCB 12 90 293
UCB 12 91 514
UCB 12 92 408
UCB 12 93 106
UCB 12 94 137
UCB 12 95 730
UCB 12 96 1000
UCB 12 97 399
UCB 12 98 727
UCB 12 99 223
CBIR 13 0 1000
CBIR 13 1 1000
CBIR 13 2 1000
CBIR 13 3 1000
CBIR 13 4 1000
CBIR 13 5 1000
CBIR 13 6 1000
CBIR 13 7 1000
CBIR 13 8 401
CBIR 13 9 1000
CBIR 13 10 757
CBIR 13 11 253
CBIR 13 12 344
CBIR 13 13 371
CBIR 13 14 79
CBIR 13 15 477
CBIR 13 16 228
CBIR 13 17 211
CBIR 13 18 620
CBIR 13 19 251
CBIR 13 20 83
CBIR 13 21 331
CBIR 13 22 196
CBIR 13 23 323
CBIR 13 24 206
CBIR 13 25 457
CBIR 13 26 93
CBIR 13 27 185
CBIR 13 28 433
CBIR 13 29 216
CBIR 13 30 163
CBIR 13 31 582
CBIR 13 32 173
CBIR 13 33 220
CBIR 13 34 343
CBIR 13 35 120
CBIR 13 36 359
CBIR 13 37 280
CBIR 13 38 575
CBIR 13 39 543
CBIR 13 40 204
CBIR 13 41 349
CBIR 13 42 590
CBIR 13 43 359
CBIR 13 44 411
CBIR 13 45 399
CBIR 13 46 180
CBIR 13 47 299
CBIR 13 48 224
CBIR 13 49 600
CBIR 13 50 1000
CBIR 13 51 832
CBIR 13 52 1000
CBIR 13 53 229
CBIR 13 54 1000
CBIR 13 55 742
CBIR 13 56 276
CBIR 13 57 196
CBIR 13 58 193
CBIR 13 59 951
CBIR 13 60 921
CBIR 13 61 762
CBIR 13 62 294
CBIR 13 63 465
CBIR 13 64 149
CBIR 13 65 771
CBIR 13 66 263
CBIR 13 67 121
CBIR 13 68 343
CBIR 13 69 148
CBIR 13 70 244
CBIR 13 71 153
CBIR 13 72 300
CBIR 13 73 377
CBIR 13 74 379
CBIR 13 75 444
CBIR 13 76 295
CBIR 13 77 441
CBIR 13 78 279
CBIR 13 79 183
CBIR 13 80 242
CBIR 13 81 478
CBIR 13 82 472
CBIR 13 83 355
CBIR 13 84 301
CBIR 13 85 181
CBIR 13 86 273
CBIR 13 87 485
CBIR 13 88 334
CBIR 13 89 377
CBIR 13 90 487
CBIR 13 91 500
CBIR 13 92 199
CBIR 13 93 561
CBIR 13 94 538
CBIR 13 95 242
CBIR 13 96 252
CBIR 13 97 104
CBIR 13 98 696
CBIR 13 99 298
UCB 13 0 1000
UCB 13 1 1000
UCB 13 2 1000
UCB 13 3 1000
UCB 13 4 1000
UCB 13 5 510
UCB 13 6 652
UCB 13 7 129
UCB 13 8 92
UCB 13 9 235
UCB 13 10 89
UCB 13 11 68
UCB 13 12 283
UCB 13 13 211
UCB 13 14 123
UCB 13 15 117
UCB 13 16 294
UCB 13 17 185
UCB 13 18 55
UCB 13 19 58
UCB 13 20 288
UCB 13 21 297
UCB 13 22 207
UCB 13 23 33
UCB 13 24 77
UCB 13 25 301
UCB 13 26 208
UCB 13 27 280
UCB 13 28 187
UCB 13 29 128
UCB 13 30 234
UCB 13 31 338
UCB 13 32 207
UCB 13 33 205
UCB 13 34 182
UCB 13 35 109
UCB 13 36 131
UCB 13 37 369
UCB 13 38 78
UCB 13 39 462
UCB 13 40 447
UCB 13 41 510
UCB 13 42 412
UCB 13 43 316
UCB 13 44 167
UCB 13 45 194
UCB 13 46 454
UCB 13 47 280
UCB 13 48 258
UCB 13 49 399
UCB 13 50 135
UCB 13 51 196
UCB 13 52 566
UCB 13 53 488
UCB 13 54 141
UCB 13 55 140
UCB 13 56 228
UCB 13 57 818
UCB 13 58 795
UCB 13 59 344
UCB 13 60 250
UCB 13 61 839
UCB 13 62 609
UCB 13 63 220
UCB 13 64 424
UCB 13 65 631
UCB 13 66 186
UCB 13 67 169
UCB 13 68 242
UCB 13 69 679
UCB 13 70 219
UCB 13 71 576
UCB 13 72 551
UCB 13 73 435
UCB 13 74 480
UCB 13 75 410
UCB 13 76 610
UCB 13 77 332
UCB 13 78 793
UCB 13 79 461
UCB 13 80 109
UCB 13 81 301
UCB 13 82 288
UCB 13 83 715
UCB 13 84 382
UCB 13 85 402
UCB 13 86 497
UCB 13 87 827
UCB 13 88 170
UCB 13 89 259
UCB 13 90 241
UCB 13 91 859
UCB 13 92 702
UCB 13 93 428
UCB 13 94 405
UCB 13 95 428
UCB 13 96 352
UCB 13 97 711
UCB 13 98 398
UCB 13 99 273
CBIR 14 0 1000
CBIR 14 1 1000
CBIR 14 2 1000
CBIR 14 3 1000
CBIR 14 4 1000
CBIR 14 5 1000
CBIR 14 6 1000
CBIR 14 7 1000
CBIR 14 8 1000
CBIR 14 9 1000
CBIR 14 10 1000
CBIR 14 11 1000
CBIR 14 12 1000
CBIR 14 13 1000
CBIR 14 14 1000
CBIR 14 15 1000
CBIR 14 16 1000
CBIR 14 17 1000
CBIR 14 18 1000
CBIR 14 19 1000
CBIR 14 20 1000
CBIR 14 21 1000
CBIR 14 22 1000
CBIR 14 23 1000
CBIR 14 24 1000
CBIR 14 25 1000
CBIR 14 26 1000
CBIR 14 27 1000
CBIR 14 28 1000
CBIR 14 29 1000
CBIR 14 30 1000
CBIR 14 31 1000
CBIR 14 32 1000
CBIR 14 33 1000
CBIR 14 34 1000
CBIR 14 35 1000
CBIR 14 36 1000
CBIR 14 37 1000
CBIR 14 38 1000
CBIR 14 39 1000
CBIR 14 40 1000
CBIR 14 41 1000
CBIR 14 42 1000
CBIR 14 43 1000
CBIR 14 44 1000
CBIR 14 45 1000
CBIR 14 46 1000
CBIR 14 47 1000
CBIR 14 48 1000
CBIR 14 49 1000
CBIR 14 50 1000
CBIR 14 51 1000
CBIR 14 52 1000
CBIR 14 53 1000
CBIR 14 54 1000
CBIR 14 55 1000
CBIR 14 56 1000
CBIR 14 57 1000
CBIR 14 58 1000
CBIR 14 59 1000
CBIR 14 60 1000
CBIR 14 61 1000
CBIR 14 62 531
CBIR 14 63 404
CBIR 14 64 84
CBIR 14 65 138
CBIR 14 66 239
CBIR 14 67 330
CBIR 14 68 768
CBIR 14 69 208
CBIR 14 70 790
CBIR 14 71 231
CBIR 14 72 471
CBIR 14 73 600
CBIR 14 74 755
CBIR 14 75 735
CBIR 14 76 349
CBIR 14 77 1000
CBIR 14 78 307
CBIR 14 79 144
CBIR 14 80 299
CBIR 14 81 400
CBIR 14 82 398
CBIR 14 83 400
CBIR 14 84 481
CBIR 14 85 416
CBIR 14 86 608
CBIR 14 87 42
CBIR 14 88 227
CBIR 14 89 339
CBIR 14 90 458
CBIR 14 91 297
CBIR 14 92 608
CBIR 14 93 244
CBIR 14 94 427
CBIR 14 95 200
CBIR 14 96 243
CBIR 14 97 197
CBIR 14 98 300
CBIR 14 99 255
UCB 14 0 1000
UCB 14 1 1000
UCB 14 2 932
UCB 14 3 697
UCB 14 4 169
UCB 14 5 318
UCB 14 6 519
UCB 14 7 332
UCB 14 8 222
UCB 14 9 230
UCB 14 10 49
UCB 14 11 326
UCB 14 12 571
UCB 14 13 328
UCB 14 14 355
UCB 14 15 364
UCB 14 16 85
UCB 14 17 156
UCB 14 18 176
UCB 14 19 205
UCB 14 20 262
UCB 14 21 217
UCB 14 22 177
UCB 14 23 90
UCB 14 24 176
UCB 14 25 80
UCB 14 26 270
UCB 14 27 410
UCB 14 28 113
UCB 14 29 178
UCB 14 30 167
UCB 14 31 99
UCB 14 32 47
UCB 14 33 86
UCB 14 34 101
UCB 14 35 269
UCB 14 36 199
UCB 14 37 326
UCB 14 38 186
UCB 14 39 484
UCB 14 40 413
UCB 14 41 378
UCB 14 42 398
UCB 14 43 275
UCB 14 44 269
UCB 14 45 258
UCB 14 46 277
UCB 14 47 520
UCB 14 48 259
UCB 14 49 336
UCB 14 50 200
UCB 14 51 583
UCB 14 52 419
UCB 14 53 493
UCB 14 54 337
UCB 14 55 62
UCB 14 56 398
UCB 14 57 423
UCB 14 58 565
UCB 14 59 720
UCB 14 60 1000
UCB 14 61 419
UCB 14 62 305
UCB 14 63 568
UCB 14 64 286
UCB 14 65 441
UCB 14 66 281
UCB 14 67 544
UCB 14 68 639
UCB 14 69 271
UCB 14 70 473
UCB 14 71 700
UCB 14 72 581
UCB 14 73 768
UCB 14 74 776
UCB 14 75 704
UCB 14 76 470
UCB 14 77 462
UCB 14 78 683
UCB 14 79 399
UCB 14 80 216
UCB 14 81 193
UCB 14 82 189
UCB 14 83 339
UCB 14 84 197
UCB 14 85 71
UCB 14 86 427
UCB 14 87 660
UCB 14 88 543
UCB 14 89 755
UCB 14 90 1000
UCB 14 91 1000
UCB 14 92 1000
UCB 14 93 1000
UCB 14 94 1000
UCB 14 95 1000
UCB 14 96 1000
UCB 14 97 1000
UCB 14 98 1000
UCB 14 99 1000
CBIR 15 0 1000
CBIR 15 1 1000
CBIR 15 2 1000
CBIR 15 3 1000
CBIR 15 4 1000
CBIR 15 5 1000
CBIR 15 6 1000
CBIR 15 7 1000
CBIR 15 8 1000
CBIR 15 9 1000
CBIR 15 10 1000
CBIR 15 11 1000
CBIR 15 12 1000
CBIR 15 13 1000
CBIR 15 14 1000
CBIR 15 15 1000
CBIR 15 16 110
CBIR 15 17 602
CBIR 15 18 487
CBIR 15 19 304
CBIR 15 20 78
CBIR 15 21 316
CBIR 15 22 381
CBIR 15 23 225
CBIR 15 24 142
CBIR 15 25 267
CBIR 15 26 85
CBIR 15 27 193
CBIR 15 28 729
CBIR 15 29 215
CBIR 15 30 181
CBIR 15 31 175
CBIR 15 32 295
CBIR 15 33 498
CBIR 15 34 407
CBIR 15 35 293
CBIR 15 36 206
CBIR 15 37 171
CBIR 15 38 222
CBIR 15 39 183
CBIR 15 40 221
CBIR 15 41 612
CBIR 15 42 620
CBIR 15 43 284
CBIR 15 44 472
CBIR 15 45 198
CBIR 15 46 201
CBIR 15 47 664
CBIR 15 48 51
CBIR 15 49 181
CBIR 15 50 298
CBIR 15 51 301
CBIR 15 52 202
CBIR 15 53 192
CBIR 15 54 175
CBIR 15 55 424
CBIR 15 56 500
CBIR 15 57 389
CBIR 15 58 608
CBIR 15 59 402
CBIR 15 60 474
CBIR 15 61 268
CBIR 15 62 167
CBIR 15 63 470
CBIR 15 64 128
CBIR 15 65 87
CBIR 15 66 447
CBIR 15 67 259
CBIR 15 68 89
CBIR 15 69 108
CBIR 15 70 489
CBIR 15 71 615
CBIR 15 72 683
CBIR 15 73 499
CBIR 15 74 482
CBIR 15 75 316
CBIR 15 76 365
CBIR 15 77 633
CBIR 15 78 400
CBIR 15 79 698
CBIR 15 80 699
CBIR 15 81 567
CBIR 15 82 361
CBIR 15 83 770
CBIR 15 84 400
CBIR 15 85 720
CBIR 15 86 97
CBIR 15 87 278
CBIR 15 88 700
CBIR 15 89 398
CBIR 15 90 400
CBIR 15 91 117
CBIR 15 92 182
CBIR 15 93 798
CBIR 15 94 708
CBIR 15 95 544
CBIR 15 96 272
CBIR 15 97 82
CBIR 15 98 688
CBIR 15 99 120
UCB 15 0 1000
UCB 15 1 1000
UCB 15 2 1000
UCB 15 3 1000
UCB 15 4 1000
UCB 15 5 1000
UCB 15 6 1000
UCB 15 7 422
UCB 15 8 1000
UCB 15 9 480
UCB 15 10 92
UCB 15 11 322
UCB 15 12 51
UCB 15 13 117
UCB 15 14 131
UCB 15 15 145
UCB 15 16 333
UCB 15 17 157
UCB 15 18 140
UCB 15 19 317
UCB 15 20 286
UCB 15 21 216
UCB 15 22 188
UCB 15 23 150
UCB 15 24 239
UCB 15 25 506
UCB 15 26 131
UCB 15 27 236
UCB 15 28 125
UCB 15 29 142
UCB 15 30 154
UCB 15 31 213
UCB 15 32 193
UCB 15 33 268
UCB 15 34 503
UCB 15 35 263
UCB 15 36 110
UCB 15 37 150
UCB 15 38 126
UCB 15 39 193
UCB 15 40 194
UCB 15 41 480
UCB 15 42 112
UCB 15 43 611
UCB 15 44 572
UCB 15 45 245
UCB 15 46 652
UCB 15 47 607
UCB 15 48 466
UCB 15 49 210
UCB 15 50 543
UCB 15 51 96
UCB 15 52 181
UCB 15 53 190
UCB 15 54 507
UCB 15 55 414
UCB 15 56 208
UCB 15 57 91
UCB 15 58 475
UCB 15 59 71
UCB 15 60 624
UCB 15 61 310
UCB 15 62 366
UCB 15 63 1000
UCB 15 64 426
UCB 15 65 374
UCB 15 66 320
UCB 15 67 277
UCB 15 68 28
UCB 15 69 296
UCB 15 70 179
UCB 15 71 616
UCB 15 72 398
UCB 15 73 317
UCB 15 74 303
UCB 15 75 310
UCB 15 76 198
UCB 15 77 177
UCB 15 78 307
UCB 15 79 1000
UCB 15 80 381
UCB 15 81 399
UCB 15 82 877
UCB 15 83 230
UCB 15 84 995
UCB 15 85 1000
UCB 15 86 196
UCB 15 87 217
UCB 15 88 161
UCB 15 89 323
UCB 15 90 392
UCB 15 91 283
UCB 15 92 815
UCB 15 93 801
UCB 15 94 406
UCB 15 95 488
UCB 15 96 305
UCB 15 97 607
UCB 15 98 337
UCB 15 99 451
CBIR 16 0 1000
CBIR 16 1 1000
CBIR 16 2 1000
CBIR 16 3 1000
CBIR 16 4 1000
CBIR 16 5 1000
CBIR 16 6 1000
CBIR 16 7 1000
CBIR 16 8 1000
CBIR 16 9 1000
CBIR 16 10 1000
CBIR 16 11 1000
CBIR 16 12 1000
CBIR 16 13 1000
CBIR 16 14 1000
CBIR 16 15 1000
CBIR 16 16 1000
CBIR 16 17 1000
CBIR 16 18 1000
CBIR 16 19 1000
CBIR 16 20 1000
CBIR 16 21 1000
CBIR 16 22 1000
CBIR 16 23 1000
CBIR 16 24 1000
CBIR 16 25 1000
CBIR 16 26 1000
CBIR 16 27 1000
CBIR 16 28 1000
CBIR 16 29 1000
CBIR 16 30 1000
CBIR 16 31 1000
CBIR 16 32 1000
CBIR 16 33 1000
CBIR 16 34 1000
CBIR 16 35 1000
CBIR 16 36 501
CBIR 16 37 900
CBIR 16 38 195
CBIR 16 39 461
CBIR 16 40 216
CBIR 16 41 539
CBIR 16 42 168
CBIR 16 43 111
CBIR 16 44 602
CBIR 16 45 152
CBIR 16 46 177
CBIR 16 47 170
CBIR 16 48 396
CBIR 16 49 201
CBIR 16 50 309
CBIR 16 51 487
CBIR 16 52 213
CBIR 16 53 523
CBIR 16 54 262
CBIR 16 55 98
CBIR 16 56 103
CBIR 16 57 215
CBIR 16 58 279
CBIR 16 59 273
CBIR 16 60 329
CBIR 16 61 219
CBIR 16 62 347
CBIR 16 63 708
CBIR 16 64 766
CBIR 16 65 297
CBIR 16 66 158
CBIR 16 67 197
CBIR 16 68 199
CBIR 16 69 201
CBIR 16 70 497
CBIR 16 71 359
CBIR 16 72 437
CBIR 16 73 396
CBIR 16 74 401
CBIR 16 75 414
CBIR 16 76 261
CBIR 16 77 432
CBIR 16 78 212
CBIR 16 79 730
CBIR 16 80 445
CBIR 16 81 400
CBIR 16 82 63
CBIR 16 83 248
CBIR 16 84 283
CBIR 16 85 343
CBIR 16 86 122
CBIR 16 87 334
CBIR 16 88 302
CBIR 16 89 333
CBIR 16 90 185
CBIR 16 91 81
CBIR 16 92 234
CBIR 16 93 761
CBIR 16 94 397
CBIR 16 95 541
CBIR 16 96 57
CBIR 16 97 310
CBIR 16 98 591
CBIR 16 99 249
UCB 16 0 1000
UCB 16 1 360
UCB 16 2 1000
UCB 16 3 104
UCB 16 4 127
UCB 16 5 103
UCB 16 6 144
UCB 16 7 164
UCB 16 8 107
UCB 16 9 237
UCB 16 10 121
UCB 16 11 363
UCB 16 12 91
UCB 16 13 79
UCB 16 14 120
UCB 16 15 170
UCB 16 16 231
UCB 16 17 618
UCB 16 18 495
UCB 16 19 333
UCB 16 20 165
UCB 16 21 71
UCB 16 22 105
UCB 16 23 118
UCB 16 24 177
UCB 16 25 324
UCB 16 26 40
UCB 16 27 703
UCB 16 28 811
UCB 16 29 664
UCB 16 30 356
UCB 16 31 310
UCB 16 32 62
UCB 16 33 299
UCB 16 34 209
UCB 16 35 204
UCB 16 36 482
UCB 16 37 157
UCB 16 38 306
UCB 16 39 508
UCB 16 40 131
UCB 16 41 82
UCB 16 42 112
UCB 16 43 196
UCB 16 44 326
UCB 16 45 234
UCB 16 46 143
UCB 16 47 123
UCB 16 48 394
UCB 16 49 318
UCB 16 50 191
UCB 16 51 429
UCB 16 52 150
UCB 16 53 355
UCB 16 54 246
UCB 16 55 133
UCB 16 56 151
UCB 16 57 201
UCB 16 58 194
UCB 16 59 188
UCB 16 60 31
UCB 16 61 180
UCB 16 62 234
UCB 16 63 409
UCB 16 64 357
UCB 16 65 197
UCB 16 66 140
UCB 16 67 238
UCB 16 68 330
UCB 16 69 301
UCB 16 70 780
UCB 16 71 305
UCB 16 72 404
UCB 16 73 203
UCB 16 74 594
UCB 16 75 834
UCB 16 76 445
UCB 16 77 569
UCB 16 78 236
UCB 16 79 350
UCB 16 80 946
UCB 16 81 940
UCB 16 82 759
UCB 16 83 302
UCB 16 84 445
UCB 16 85 110
UCB 16 86 86
UCB 16 87 385
UCB 16 88 294
UCB 16 89 679
UCB 16 90 365
UCB 16 91 601
UCB 16 92 248
UCB 16 93 378
UCB 16 94 362
UCB 16 95 448
UCB 16 96 149
UCB 16 97 472
UCB 16 98 269
UCB 16 99 1000
CBIR 17 0 1000
CBIR 17 1 1000
CBIR 17 2 1000
CBIR 17 3 54
CBIR 17 4 973
CBIR 17 5 469
CBIR 17 6 512
CBIR 17 7 166
CBIR 17 8 295
CBIR 17 9 125
CBIR 17 10 304
CBIR 17 11 401
CBIR 17 12 568
CBIR 17 13 741
CBIR 17 14 788
CBIR 17 15 199
CBIR 17 16 295
CBIR 17 17 396
CBIR 17 18 232
CBIR 17 19 219
CBIR 17 20 162
CBIR 17 21 204
CBIR 17 22 157
CBIR 17 23 224
CBIR 17 24 195
CBIR 17 25 513
CBIR 17 26 286
CBIR 17 27 201
CBIR 17 28 497
CBIR 17 29 66
CBIR 17 30 115
CBIR 17 31 158
CBIR 17 32 188
CBIR 17 33 87
CBIR 17 34 178
CBIR 17 35 214
CBIR 17 36 185
CBIR 17 37 301
CBIR 17 38 147
CBIR 17 39 169
CBIR 17 40 114
CBIR 17 41 266
CBIR 17 42 168
CBIR 17 43 149
CBIR 17 44 181
CBIR 17 45 425
CBIR 17 46 470
CBIR 17 47 156
CBIR 17 48 342
CBIR 17 49 222
CBIR 17 50 276
CBIR 17 51 108
CBIR 17 52 104
CBIR 17 53 400
CBIR 17 54 88
CBIR 17 55 395
CBIR 17 56 510
CBIR 17 57 495
CBIR 17 58 212
CBIR 17 59 186
CBIR 17 60 193
CBIR 17 61 403
CBIR 17 62 100
CBIR 17 63 194
CBIR 17 64 398
CBIR 17 65 256
CBIR 17 66 157
CBIR 17 67 286
CBIR 17 68 211
CBIR 17 69 94
CBIR 17 70 70
CBIR 17 71 437
CBIR 17 72 189
CBIR 17 73 428
CBIR 17 74 280
CBIR 17 75 95
CBIR 17 76 485
CBIR 17 77 229
CBIR 17 78 313
CBIR 17 79 278
CBIR 17 80 142
CBIR 17 81 75
CBIR 17 82 214
CBIR 17 83 563
CBIR 17 84 603
CBIR 17 85 574
CBIR 17 86 302
CBIR 17 87 342
CBIR 17 88 687
CBIR 17 89 367
CBIR 17 90 398
CBIR 17 91 436
CBIR 17 92 499
CBIR 17 93 361
CBIR 17 94 65
CBIR 17 95 420
CBIR 17 96 95
CBIR 17 97 454
CBIR 17 98 132
CBIR 17 99 193
UCB 17 0 1000
UCB 17 1 1000
UCB 17 2 517
UCB 17 3 459
UCB 17 4 144
UCB 17 5 185
UCB 17 6 200
UCB 17 7 31
UCB 17 8 289
UCB 17 9 142
UCB 17 10 33
UCB 17 11 225
UCB 17 12 59
UCB 17 13 227
UCB 17 14 85
UCB 17 15 90
UCB 17 16 402
UCB 17 17 55
UCB 17 18 452
UCB 17 19 93
UCB 17 20 268
UCB 17 21 134
UCB 17 22 72
UCB 17 23 198
UCB 17 24 403
UCB 17 25 92
UCB 17 26 111
UCB 17 27 214
UCB 17 28 118
UCB 17 29 214
UCB 17 30 77
UCB 17 31 100
UCB 17 32 129
UCB 17 33 379
UCB 17 34 357
UCB 17 35 214
UCB 17 36 368
UCB 17 37 346
UCB 17 38 85
UCB 17 39 132
UCB 17 40 119
UCB 17 41 289
UCB 17 42 565
UCB 17 43 124
UCB 17 44 326
UCB 17 45 739
UCB 17 46 613
UCB 17 47 187
UCB 17 48 184
UCB 17 49 143
UCB 17 50 194
UCB 17 51 477
UCB 17 52 82
UCB 17 53 372
UCB 17 54 250
UCB 17 55 288
UCB 17 56 227
UCB 17 57 358
UCB 17 58 313
UCB 17 59 395
UCB 17 60 118
UCB 17 61 184
UCB 17 62 762
UCB 17 63 431
UCB 17 64 513
UCB 17 65 304
UCB 17 66 280
UCB 17 67 323
UCB 17 68 140
UCB 17 69 239
UCB 17 70 117
UCB 17 71 231
UCB 17 72 90
UCB 17 73 254
UCB 17 74 347
UCB 17 75 279
UCB 17 76 389
UCB 17 77 218
UCB 17 78 248
UCB 17 79 461
UCB 17 80 410
UCB 17 81 239
UCB 17 82 504
UCB 17 83 261
UCB 17 84 157
UCB 17 85 307
UCB 17 86 513
UCB 17 87 469
UCB 17 88 189
UCB 17 89 193
UCB 17 90 246
UCB 17 91 365
UCB 17 92 685
UCB 17 93 266
UCB 17 94 507
UCB 17 95 632
UCB 17 96 248
UCB 17 97 451
UCB 17 98 692
UCB 17 99 383
CBIR 18 0 1000
CBIR 18 1 1000
CBIR 18 2 1000
CBIR 18 3 1000
CBIR 18 4 1000
CBIR 18 5 1000
CBIR 18 6 1000
CBIR 18 7 1000
CBIR 18 8 1000
CBIR 18 9 1000
CBIR 18 10 1000
CBIR 18 11 1000
CBIR 18 12 1000
CBIR 18 13 1000
CBIR 18 14 1000
CBIR 18 15 1000
CBIR 18 16 1000
CBIR 18 17 1000
CBIR 18 18 1000
CBIR 18 19 1000
CBIR 18 20 1000
CBIR 18 21 1000
CBIR 18 22 569
CBIR 18 23 1000
CBIR 18 24 362
CBIR 18 25 245
CBIR 18 26 338
CBIR 18 27 392
CBIR 18 28 192
CBIR 18 29 421
CBIR 18 30 339
CBIR 18 31 74
CBIR 18 32 282
CBIR 18 33 180
CBIR 18 34 398
CBIR 18 35 721
CBIR 18 36 478
CBIR 18 37 410
CBIR 18 38 153
CBIR 18 39 54
CBIR 18 40 396
CBIR 18 41 496
CBIR 18 42 131
CBIR 18 43 84
CBIR 18 44 230
CBIR 18 45 242
CBIR 18 46 343
CBIR 18 47 203
CBIR 18 48 245
CBIR 18 49 103
CBIR 18 50 382
CBIR 18 51 349
CBIR 18 52 260
CBIR 18 53 399
CBIR 18 54 367
CBIR 18 55 133
CBIR 18 56 597
CBIR 18 57 202
CBIR 18 58 133
CBIR 18 59 362
CBIR 18 60 161
CBIR 18 61 436
CBIR 18 62 182
CBIR 18 63 572
CBIR 18 64 257
CBIR 18 65 244
CBIR 18 66 440
CBIR 18 67 228
CBIR 18 68 295
CBIR 18 69 376
CBIR 18 70 598
CBIR 18 71 500
CBIR 18 72 535
CBIR 18 73 464
CBIR 18 74 1000
CBIR 18 75 270
CBIR 18 76 328
CBIR 18 77 572
CBIR 18 78 47
CBIR 18 79 211
CBIR 18 80 315
CBIR 18 81 247
CBIR 18 82 429
CBIR 18 83 82
CBIR 18 84 297
CBIR 18 85 118
CBIR 18 86 1000
CBIR 18 87 766
CBIR 18 88 484
CBIR 18 89 398
CBIR 18 90 191
CBIR 18 91 432
CBIR 18 92 94
CBIR 18 93 270
CBIR 18 94 519
CBIR 18 95 408
CBIR 18 96 354
CBIR 18 97 337
CBIR 18 98 589
CBIR 18 99 116
UCB 18 0 1000
UCB 18 1 464
UCB 18 2 146
UCB 18 3 381
UCB 18 4 210
UCB 18 5 76
UCB 18 6 584
UCB 18 7 86
UCB 18 8 108
UCB 18 9 256
UCB 18 10 120
UCB 18 11 197
UCB 18 12 281
UCB 18 13 78
UCB 18 14 306
UCB 18 15 132
UCB 18 16 175
UCB 18 17 385
UCB 18 18 250
UCB 18 19 254
UCB 18 20 139
UCB 18 21 82
UCB 18 22 117
UCB 18 23 157
UCB 18 24 227
UCB 18 25 779
UCB 18 26 286
UCB 18 27 356
UCB 18 28 325
UCB 18 29 42
UCB 18 30 278
UCB 18 31 145
UCB 18 32 181
UCB 18 33 189
UCB 18 34 89
UCB 18 35 245
UCB 18 36 131
UCB 18 37 213
UCB 18 38 77
UCB 18 39 281
UCB 18 40 106
UCB 18 41 577
UCB 18 42 474
UCB 18 43 199
UCB 18 44 365
UCB 18 45 208
UCB 18 46 550
UCB 18 47 355
UCB 18 48 72
UCB 18 49 318
UCB 18 50 615
UCB 18 51 625
UCB 18 52 262
UCB 18 53 179
UCB 18 54 336
UCB 18 55 319
UCB 18 56 239
UCB 18 57 337
UCB 18 58 279
UCB 18 59 194
UCB 18 60 323
UCB 18 61 362
UCB 18 62 344
UCB 18 63 275
UCB 18 64 104
UCB 18 65 158
UCB 18 66 694
UCB 18 67 243
UCB 18 68 175
UCB 18 69 227
UCB 18 70 289
UCB 18 71 330
UCB 18 72 376
UCB 18 73 357
UCB 18 74 449
UCB 18 75 95
UCB 18 76 227
UCB 18 77 165
UCB 18 78 106
UCB 18 79 209
UCB 18 80 1000
UCB 18 81 362
UCB 18 82 514
UCB 18 83 199
UCB 18 84 197
UCB 18 85 507
UCB 18 86 330
UCB 18 87 236
UCB 18 88 207
UCB 18 89 468
UCB 18 90 512
UCB 18 91 295
UCB 18 92 375
UCB 18 93 805
UCB 18 94 450
UCB 18 95 625
UCB 18 96 882
UCB 18 97 330
UCB 18 98 673
UCB 18 99 1000
CBIR 19 0 1000
CBIR 19 1 1000
CBIR 19 2 1000
CBIR 19 3 1000
CBIR 19 4 1000
CBIR 19 5 1000
CBIR 19 6 1000
CBIR 19 7 1000
CBIR 19 8 1000
CBIR 19 9 702
CBIR 19 10 438
CBIR 19 11 266
CBIR 19 12 320
CBIR 19 13 214
CBIR 19 14 378
CBIR 19 15 404
CBIR 19 16 119
CBIR 19 17 175
CBIR 19 18 301
CBIR 19 19 501
CBIR 19 20 172
CBIR 19 21 119
CBIR 19 22 184
CBIR 19 23 628
CBIR 19 24 278
CBIR 19 25 687
CBIR 19 26 416
CBIR 19 27 380
CBIR 19 28 300
CBIR 19 29 899
CBIR 19 30 400
CBIR 19 31 498
CBIR 19 32 299
CBIR 19 33 37
CBIR 19 34 125
CBIR 19 35 298
CBIR 19 36 364
CBIR 19 37 308
CBIR 19 38 192
CBIR 19 39 969
CBIR 19 40 398
CBIR 19 41 500
CBIR 19 42 523
CBIR 19 43 388
CBIR 19 44 495
CBIR 19 45 990
CBIR 19 46 268
CBIR 19 47 550
CBIR 19 48 200
CBIR 19 49 314
CBIR 19 50 696
CBIR 19 51 73
CBIR 19 52 394
CBIR 19 53 204
CBIR 19 54 492
CBIR 19 55 405
CBIR 19 56 1000
CBIR 19 57 672
CBIR 19 58 519
CBIR 19 59 501
CBIR 19 60 299
CBIR 19 61 502
CBIR 19 62 501
CBIR 19 63 494
CBIR 19 64 552
CBIR 19 65 349
CBIR 19 66 888
CBIR 19 67 301
CBIR 19 68 695
CBIR 19 69 87
CBIR 19 70 419
CBIR 19 71 202
CBIR 19 72 300
CBIR 19 73 829
CBIR 19 74 667
CBIR 19 75 197
CBIR 19 76 625
CBIR 19 77 476
CBIR 19 78 1000
CBIR 19 79 598
CBIR 19 80 699
CBIR 19 81 447
CBIR 19 82 351
CBIR 19 83 501
CBIR 19 84 198
CBIR 19 85 498
CBIR 19 86 1000
CBIR 19 87 600
CBIR 19 88 499
CBIR 19 89 200
CBIR 19 90 474
CBIR 19 91 435
CBIR 19 92 485
CBIR 19 93 298
CBIR 19 94 487
CBIR 19 95 116
CBIR 19 96 600
CBIR 19 97 298
CBIR 19 98 394
CBIR 19 99 137
UCB 19 0 1000
UCB 19 1 1000
UCB 19 2 1000
UCB 19 3 1000
UCB 19 4 1000
UCB 19 5 1000
UCB 19 6 1000
UCB 19 7 1000
UCB 19 8 1000
UCB 19 9 906
UCB 19 10 471
UCB 19 11 56
UCB 19 12 304
UCB 19 13 81
UCB 19 14 377
UCB 19 15 31
UCB 19 16 298
UCB 19 17 698
UCB 19 18 289
UCB 19 19 784
UCB 19 20 195
UCB 19 21 400
UCB 19 22 800
UCB 19 23 397
UCB 19 24 630
UCB 19 25 477
UCB 19 26 992
UCB 19 27 709
UCB 19 28 194
UCB 19 29 131
UCB 19 30 68
UCB 19 31 404
UCB 19 32 448
UCB 19 33 440
UCB 19 34 197
UCB 19 35 128
UCB 19 36 279
UCB 19 37 121
UCB 19 38 30
UCB 19 39 254
UCB 19 40 483
UCB 19 41 68
UCB 19 42 411
UCB 19 43 618
UCB 19 44 242
UCB 19 45 73
UCB 19 46 85
UCB 19 47 330
UCB 19 48 146
UCB 19 49 147
UCB 19 50 352
UCB 19 51 304
UCB 19 52 120
UCB 19 53 170
UCB 19 54 322
UCB 19 55 116
UCB 19 56 209
UCB 19 57 477
UCB 19 58 293
UCB 19 59 168
UCB 19 60 258
UCB 19 61 400
UCB 19 62 314
UCB 19 63 301
UCB 19 64 221
UCB 19 65 729
UCB 19 66 397
UCB 19 67 157
UCB 19 68 68
UCB 19 69 85
UCB 19 70 354
UCB 19 71 25
UCB 19 72 421
UCB 19 73 420
UCB 19 74 369
UCB 19 75 91
UCB 19 76 608
UCB 19 77 417
UCB 19 78 676
UCB 19 79 499
UCB 19 80 704
UCB 19 81 275
UCB 19 82 272
UCB 19 83 378
UCB 19 84 636
UCB 19 85 389
UCB 19 86 575
UCB 19 87 570
UCB 19 88 333
UCB 19 89 364
UCB 19 90 213
UCB 19 91 600
UCB 19 92 122
UCB 19 93 453
UCB 19 94 338
UCB 19 95 359
UCB 19 96 313
UCB 19 97 1000
UCB 19 98 1000
UCB 19 99 1000
