CBIR 0 0 1000
CBIR 0 1 1000
CBIR 0 2 1000
CBIR 0 3 1000
CBIR 0 4 1000
CBIR 0 5 1000
CBIR 0 6 1000
CBIR 0 7 1000
CBIR 0 8 1000
CBIR 0 9 1000
CBIR 0 10 1000
CBIR 0 11 1000
CBIR 0 12 1000
CBIR 0 13 1000
CBIR 0 14 1000
CBIR 0 15 1000
CBIR 0 16 1000
CBIR 0 17 1000
CBIR 0 18 1000
CBIR 0 19 1000
CBIR 0 20 1000
CBIR 0 21 1000
CBIR 0 22 1000
CBIR 0 23 1000
CBIR 0 24 1000
CBIR 0 25 1000
CBIR 0 26 1000
CBIR 0 27 1000
CBIR 0 28 1000
CBIR 0 29 1000
CBIR 0 30 496
CBIR 0 31 632
CBIR 0 32 292
CBIR 0 33 559
CBIR 0 34 219
CBIR 0 35 323
CBIR 0 36 297
CBIR 0 37 284
CBIR 0 38 179
CBIR 0 39 512
CBIR 0 40 239
CBIR 0 41 309
CBIR 0 42 152
CBIR 0 43 177
CBIR 0 44 148
CBIR 0 45 426
CBIR 0 46 140
CBIR 0 47 733
CBIR 0 48 765
CBIR 0 49 240
CBIR 0 50 63
CBIR 0 51 406
CBIR 0 52 320
CBIR 0 53 222
CBIR 0 54 150
CBIR 0 55 535
CBIR 0 56 359
CBIR 0 57 99
CBIR 0 58 697
CBIR 0 59 507
CBIR 0 60 779
CBIR 0 61 858
CBIR 0 62 823
CBIR 0 63 429
CBIR 0 64 697
CBIR 0 65 259
CBIR 0 66 84
CBIR 0 67 427
CBIR 0 68 361
CBIR 0 69 710
CBIR 0 70 255
CBIR 0 71 300
CBIR 0 72 222
CBIR 0 73 668
CBIR 0 74 1000
CBIR 0 75 762
CBIR 0 76 269
CBIR 0 77 992
CBIR 0 78 1000
CBIR 0 79 578
CBIR 0 80 1000
CBIR 0 81 1000
CBIR 0 82 600
CBIR 0 83 1000
CBIR 0 84 1000
CBIR 0 85 1000
CBIR 0 86 1000
CBIR 0 87 1000
CBIR 0 88 1000
CBIR 0 89 287
CBIR 0 90 523
CBIR 0 91 1000
CBIR 0 92 786
CBIR 0 93 222
CBIR 0 94 598
CBIR 0 95 390
CBIR 0 96 517
CBIR 0 97 463
CBIR 0 98 268
CBIR 0 99 157
UCB 0 0 1000
UCB 0 1 1000
UCB 0 2 1000
UCB 0 3 1000
UCB 0 4 1000
UCB 0 5 1000
UCB 0 6 1000
UCB 0 7 1000
UCB 0 8 1000
UCB 0 9 1000
UCB 0 10 1000
UCB 0 11 1000
UCB 0 12 1000
UCB 0 13 1000
UCB 0 14 1000
UCB 0 15 1000
UCB 0 16 1000
UCB 0 17 176
UCB 0 18 509
UCB 0 19 330
UCB 0 20 224
UCB 0 21 68
UCB 0 22 323
UCB 0 23 77
UCB 0 24 223
UCB 0 25 229
UCB 0 26 333
UCB 0 27 311
UCB 0 28 211
UCB 0 29 376
UCB 0 30 305
UCB 0 31 85
UCB 0 32 118
UCB 0 33 597
UCB 0 34 592
UCB 0 35 147
UCB 0 36 305
UCB 0 37 860
UCB 0 38 197
UCB 0 39 313
UCB 0 40 45
UCB 0 41 231
UCB 0 42 75
UCB 0 43 219
UCB 0 44 254
UCB 0 45 83
UCB 0 46 259
UCB 0 47 403
UCB 0 48 121
UCB 0 49 369
UCB 0 50 900
UCB 0 51 84
UCB 0 52 421
UCB 0 53 159
UCB 0 54 115
UCB 0 55 616
UCB 0 56 222
UCB 0 57 186
UCB 0 58 314
UCB 0 59 186
UCB 0 60 295
UCB 0 61 299
UCB 0 62 620
UCB 0 63 280
UCB 0 64 100
UCB 0 65 149
UCB 0 66 174
UCB 0 67 151
UCB 0 68 224
UCB 0 69 186
UCB 0 70 86
UCB 0 71 55
UCB 0 72 57
UCB 0 73 299
UCB 0 74 204
UCB 0 75 593
UCB 0 76 168
UCB 0 77 249
UCB 0 78 553
UCB 0 79 624
UCB 0 80 936
UCB 0 81 682
UCB 0 82 1000
UCB 0 83 932
UCB 0 84 1000
UCB 0 85 156
UCB 0 86 664
UCB 0 87 251
UCB 0 88 343
UCB 0 89 216
UCB 0 90 232
UCB 0 91 295
UCB 0 92 485
UCB 0 93 309
UCB 0 94 465
UCB 0 95 266
UCB 0 96 355
UCB 0 97 345
UCB 0 98 191
UCB 0 99 363
CBIR 1 0 1000
CBIR 1 1 1000
CBIR 1 2 1000
CBIR 1 3 1000
CBIR 1 4 1000
CBIR 1 5 1000
CBIR 1 6 1000
CBIR 1 7 1000
CBIR 1 8 955
CBIR 1 9 1000
CBIR 1 10 1000
CBIR 1 11 724
CBIR 1 12 547
CBIR 1 13 428
CBIR 1 14 148
CBIR 1 15 387
CBIR 1 16 606
CBIR 1 17 29
CBIR 1 18 278
CBIR 1 19 357
CBIR 1 20 391
CBIR 1 21 239
CBIR 1 22 403
CBIR 1 23 350
CBIR 1 24 495
CBIR 1 25 761
CBIR 1 26 355
CBIR 1 27 132
CBIR 1 28 198
CBIR 1 29 277
CBIR 1 30 323
CBIR 1 31 818
CBIR 1 32 273
CBIR 1 33 540
CBIR 1 34 323
CBIR 1 35 78
CBIR 1 36 151
CBIR 1 37 318
CBIR 1 38 590
CBIR 1 39 256
CBIR 1 40 347
CBIR 1 41 295
CBIR 1 42 496
CBIR 1 43 602
CBIR 1 44 454
CBIR 1 45 306
CBIR 1 46 346
CBIR 1 47 288
CBIR 1 48 1000
CBIR 1 49 341
CBIR 1 50 1000
CBIR 1 51 606
CBIR 1 52 603
CBIR 1 53 759
CBIR 1 54 252
CBIR 1 55 437
CBIR 1 56 196
CBIR 1 57 242
CBIR 1 58 452
CBIR 1 59 320
CBIR 1 60 283
CBIR 1 61 1000
CBIR 1 62 422
CBIR 1 63 478
CBIR 1 64 810
CBIR 1 65 310
CBIR 1 66 505
CBIR 1 67 434
CBIR 1 68 370
CBIR 1 69 363
CBIR 1 70 398
CBIR 1 71 320
CBIR 1 72 689
CBIR 1 73 387
CBIR 1 74 449
CBIR 1 75 149
CBIR 1 76 82
CBIR 1 77 400
CBIR 1 78 1000
CBIR 1 79 309
CBIR 1 80 930
CBIR 1 81 681
CBIR 1 82 510
CBIR 1 83 181
CBIR 1 84 338
CBIR 1 85 450
CBIR 1 86 205
CBIR 1 87 1000
CBIR 1 88 533
CBIR 1 89 570
CBIR 1 90 369
CBIR 1 91 801
CBIR 1 92 426
CBIR 1 93 368
CBIR 1 94 430
CBIR 1 95 220
CBIR 1 96 422
CBIR 1 97 245
CBIR 1 98 612
CBIR 1 99 396
UCB 1 0 1000
UCB 1 1 1000
UCB 1 2 1000
UCB 1 3 1000
UCB 1 4 1000
UCB 1 5 1000
UCB 1 6 1000
UCB 1 7 1000
UCB 1 8 1000
UCB 1 9 722
UCB 1 10 289
UCB 1 11 382
UCB 1 12 105
UCB 1 13 107
UCB 1 14 98
UCB 1 15 236
UCB 1 16 155
UCB 1 17 300
UCB 1 18 116
UCB 1 19 419
UCB 1 20 169
UCB 1 21 197
UCB 1 22 284
UCB 1 23 132
UCB 1 24 384
UCB 1 25 179
UCB 1 26 211
UCB 1 27 657
UCB 1 28 621
UCB 1 29 455
UCB 1 30 162
UCB 1 31 221
UCB 1 32 504
UCB 1 33 473
UCB 1 34 397
UCB 1 35 182
UCB 1 36 175
UCB 1 37 345
UCB 1 38 140
UCB 1 39 298
UCB 1 40 257
UCB 1 41 303
UCB 1 42 288
UCB 1 43 333
UCB 1 44 669
UCB 1 45 272
UCB 1 46 127
UCB 1 47 531
UCB 1 48 141
UCB 1 49 566
UCB 1 50 675
UCB 1 51 299
UCB 1 52 128
UCB 1 53 694
UCB 1 54 667
UCB 1 55 872
UCB 1 56 388
UCB 1 57 296
UCB 1 58 478
UCB 1 59 154
UCB 1 60 204
UCB 1 61 411
UCB 1 62 461
UCB 1 63 286
UCB 1 64 357
UCB 1 65 815
UCB 1 66 375
UCB 1 67 344
UCB 1 68 737
UCB 1 69 314
UCB 1 70 788
UCB 1 71 852
UCB 1 72 294
UCB 1 73 646
UCB 1 74 528
UCB 1 75 1000
UCB 1 76 265
UCB 1 77 561
UCB 1 78 47
UCB 1 79 497
UCB 1 80 359
UCB 1 81 561
UCB 1 82 567
UCB 1 83 873
UCB 1 84 358
UCB 1 85 610
UCB 1 86 318
UCB 1 87 103
UCB 1 88 238
UCB 1 89 587
UCB 1 90 646
UCB 1 91 264
UCB 1 92 349
UCB 1 93 668
UCB 1 94 389
UCB 1 95 154
UCB 1 96 418
UCB 1 97 721
UCB 1 98 178
UCB 1 99 417
CBIR 2 0 1000
CBIR 2 1 1000
CBIR 2 2 1000
CBIR 2 3 1000
CBIR 2 4 1000
CBIR 2 5 1000
CBIR 2 6 1000
CBIR 2 7 1000
CBIR 2 8 1000
CBIR 2 9 1000
CBIR 2 10 1000
CBIR 2 11 1000
CBIR 2 12 1000
CBIR 2 13 1000
CBIR 2 14 1000
CBIR 2 15 1000
CBIR 2 16 1000
CBIR 2 17 1000
CBIR 2 18 1000
CBIR 2 19 1000
CBIR 2 20 1000
CBIR 2 21 1000
CBIR 2 22 1000
CBIR 2 23 1000
CBIR 2 24 1000
CBIR 2 25 1000
CBIR 2 26 1000
CBIR 2 27 1000
CBIR 2 28 1000
CBIR 2 29 1000
CBIR 2 30 1000
CBIR 2 31 1000
CBIR 2 32 1000
CBIR 2 33 1000
CBIR 2 34 1000
CBIR 2 35 1000
CBIR 2 36 1000
CBIR 2 37 913
CBIR 2 38 304
CBIR 2 39 206
CBIR 2 40 575
CBIR 2 41 400
CBIR 2 42 415
CBIR 2 43 311
CBIR 2 44 188
CBIR 2 45 320
CBIR 2 46 172
CBIR 2 47 301
CBIR 2 48 786
CBIR 2 49 92
CBIR 2 50 47
CBIR 2 51 267
CBIR 2 52 334
CBIR 2 53 76
CBIR 2 54 276
CBIR 2 55 402
CBIR 2 56 699
CBIR 2 57 209
CBIR 2 58 134
CBIR 2 59 279
CBIR 2 60 381
CBIR 2 61 202
CBIR 2 62 397
CBIR 2 63 333
CBIR 2 64 88
CBIR 2 65 666
CBIR 2 66 457
CBIR 2 67 444
CBIR 2 68 595
CBIR 2 69 900
CBIR 2 70 340
CBIR 2 71 480
CBIR 2 72 912
CBIR 2 73 707
CBIR 2 74 1000
CBIR 2 75 567
CBIR 2 76 122
CBIR 2 77 873
CBIR 2 78 790
CBIR 2 79 542
CBIR 2 80 859
CBIR 2 81 185
CBIR 2 82 511
CBIR 2 83 660
CBIR 2 84 240
CBIR 2 85 481
CBIR 2 86 815
CBIR 2 87 499
CBIR 2 88 799
CBIR 2 89 300
CBIR 2 90 1000
CBIR 2 91 1000
CBIR 2 92 1000
CBIR 2 93 1000
CBIR 2 94 1000
CBIR 2 95 1000
CBIR 2 96 1000
CBIR 2 97 1000
CBIR 2 98 1000
CBIR 2 99 1000
UCB 2 0 1000
UCB 2 1 1000
UCB 2 2 160
UCB 2 3 1000
UCB 2 4 797
UCB 2 5 626
UCB 2 6 45
UCB 2 7 250
UCB 2 8 558
UCB 2 9 440
UCB 2 10 442
UCB 2 11 74
UCB 2 12 391
UCB 2 13 106
UCB 2 14 130
UCB 2 15 185
UCB 2 16 246
UCB 2 17 245
UCB 2 18 576
UCB 2 19 64
UCB 2 20 188
UCB 2 21 59
UCB 2 22 1000
UCB 2 23 116
UCB 2 24 1000
UCB 2 25 301
UCB 2 26 297
UCB 2 27 628
UCB 2 28 254
UCB 2 29 240
UCB 2 30 162
UCB 2 31 399
UCB 2 32 616
UCB 2 33 685
UCB 2 34 269
UCB 2 35 1000
UCB 2 36 324
UCB 2 37 822
UCB 2 38 644
UCB 2 39 332
UCB 2 40 772
UCB 2 41 432
UCB 2 42 345
UCB 2 43 223
UCB 2 44 346
UCB 2 45 410
UCB 2 46 164
UCB 2 47 397
UCB 2 48 252
UCB 2 49 347
UCB 2 50 202
UCB 2 51 220
UCB 2 52 366
UCB 2 53 461
UCB 2 54 534
UCB 2 55 641
UCB 2 56 485
UCB 2 57 278
UCB 2 58 196
UCB 2 59 610
UCB 2 60 400
UCB 2 61 376
UCB 2 62 387
UCB 2 63 462
UCB 2 64 767
UCB 2 65 538
UCB 2 66 1000
UCB 2 67 576
UCB 2 68 281
UCB 2 69 1000
UCB 2 70 609
UCB 2 71 1000
UCB 2 72 1000
UCB 2 73 1000
UCB 2 74 945
UCB 2 75 643
UCB 2 76 722
UCB 2 77 464
UCB 2 78 631
UCB 2 79 338
UCB 2 80 550
UCB 2 81 656
UCB 2 82 454
UCB 2 83 215
UCB 2 84 261
UCB 2 85 575
UCB 2 86 723
UCB 2 87 400
UCB 2 88 584
UCB 2 89 315
UCB 2 90 908
UCB 2 91 1000
UCB 2 92 1000
UCB 2 93 1000
UCB 2 94 805
UCB 2 95 513
UCB 2 96 982
UCB 2 97 1000
UCB 2 98 583
UCB 2 99 903
CBIR 3 0 1000
CBIR 3 1 1000
CBIR 3 2 1000
CBIR 3 3 1000
CBIR 3 4 1000
CBIR 3 5 1000
CBIR 3 6 1000
CBIR 3 7 1000
CBIR 3 8 1000
CBIR 3 9 1000
CBIR 3 10 1000
CBIR 3 11 1000
CBIR 3 12 1000
CBIR 3 13 1000
CBIR 3 14 1000
CBIR 3 15 1000
CBIR 3 16 1000
CBIR 3 17 1000
CBIR 3 18 187
CBIR 3 19 760
CBIR 3 20 754
CBIR 3 21 419
CBIR 3 22 176
CBIR 3 23 400
CBIR 3 24 119
CBIR 3 25 296
CBIR 3 26 425
CBIR 3 27 661
CBIR 3 28 94
CBIR 3 29 1000
CBIR 3 30 799
CBIR 3 31 942
CBIR 3 32 480
CBIR 3 33 223
CBIR 3 34 696
CBIR 3 35 169
CBIR 3 36 795
CBIR 3 37 98
CBIR 3 38 497
CBIR 3 39 25
CBIR 3 40 240
CBIR 3 41 186
CBIR 3 42 237
CBIR 3 43 218
CBIR 3 44 382
CBIR 3 45 700
CBIR 3 46 1000
CBIR 3 47 297
CBIR 3 48 200
CBIR 3 49 596
CBIR 3 50 648
CBIR 3 51 436
CBIR 3 52 147
CBIR 3 53 342
CBIR 3 54 763
CBIR 3 55 1000
CBIR 3 56 866
CBIR 3 57 564
CBIR 3 58 109
CBIR 3 59 520
CBIR 3 60 96
CBIR 3 61 501
CBIR 3 62 799
CBIR 3 63 508
CBIR 3 64 108
CBIR 3 65 380
CBIR 3 66 948
CBIR 3 67 585
CBIR 3 68 367
CBIR 3 69 1000
CBIR 3 70 695
CBIR 3 71 1000
CBIR 3 72 1000
CBIR 3 73 1000
CBIR 3 74 1000
CBIR 3 75 1000
CBIR 3 76 1000
CBIR 3 77 1000
CBIR 3 78 904
CBIR 3 79 1000
CBIR 3 80 1000
CBIR 3 81 937
CBIR 3 82 1000
CBIR 3 83 1000
CBIR 3 84 1000
CBIR 3 85 1000
CBIR 3 86 1000
CBIR 3 87 1000
CBIR 3 88 1000
CBIR 3 89 1000
CBIR 3 90 1000
CBIR 3 91 1000
CBIR 3 92 1000
CBIR 3 93 1000
CBIR 3 94 156
CBIR 3 95 603
CBIR 3 96 404
CBIR 3 97 510
CBIR 3 98 311
CBIR 3 99 687
UCB 3 0 1000
UCB 3 1 1000
UCB 3 2 1000
UCB 3 3 1000
UCB 3 4 1000
UCB 3 5 1000
UCB 3 6 1000
UCB 3 7 1000
UCB 3 8 1000
UCB 3 9 1000
UCB 3 10 1000
UCB 3 11 1000
UCB 3 12 383
UCB 3 13 1000
UCB 3 14 843
UCB 3 15 398
UCB 3 16 493
UCB 3 17 206
UCB 3 18 476
UCB 3 19 216
UCB 3 20 196
UCB 3 21 398
UCB 3 22 222
UCB 3 23 561
UCB 3 24 346
UCB 3 25 289
UCB 3 26 168
UCB 3 27 207
UCB 3 28 490
UCB 3 29 199
UCB 3 30 393
UCB 3 31 239
UCB 3 32 81
UCB 3 33 779
UCB 3 34 403
UCB 3 35 496
UCB 3 36 306
UCB 3 37 289
UCB 3 38 406
UCB 3 39 626
UCB 3 40 416
UCB 3 41 190
UCB 3 42 1000
UCB 3 43 761
UCB 3 44 601
UCB 3 45 154
UCB 3 46 764
UCB 3 47 260
UCB 3 48 570
UCB 3 49 390
UCB 3 50 374
UCB 3 51 380
UCB 3 52 597
UCB 3 53 215
UCB 3 54 572
UCB 3 55 736
UCB 3 56 550
UCB 3 57 164
UCB 3 58 556
UCB 3 59 333
UCB 3 60 441
UCB 3 61 434
UCB 3 62 601
UCB 3 63 590
UCB 3 64 531
UCB 3 65 1000
UCB 3 66 1000
UCB 3 67 1000
UCB 3 68 1000
UCB 3 69 524
UCB 3 70 939
UCB 3 71 747
UCB 3 72 862
UCB 3 73 295
UCB 3 74 531
UCB 3 75 756
UCB 3 76 435
UCB 3 77 577
UCB 3 78 334
UCB 3 79 914
UCB 3 80 337
UCB 3 81 417
UCB 3 82 170
UCB 3 83 111
UCB 3 84 699
UCB 3 85 321
UCB 3 86 278
UCB 3 87 331
UCB 3 88 438
UCB 3 89 726
UCB 3 90 240
UCB 3 91 390
UCB 3 92 202
UCB 3 93 286
UCB 3 94 482
UCB 3 95 202
UCB 3 96 195
UCB 3 97 740
UCB 3 98 587
UCB 3 99 1000
CBIR 4 0 1000
CBIR 4 1 1000
CBIR 4 2 1000
CBIR 4 3 1000
CBIR 4 4 1000
CBIR 4 5 1000
CBIR 4 6 1000
CBIR 4 7 1000
CBIR 4 8 1000
CBIR 4 9 1000
CBIR 4 10 1000
CBIR 4 11 1000
CBIR 4 12 1000
CBIR 4 13 1000
CBIR 4 14 1000
CBIR 4 15 1000
CBIR 4 16 1000
CBIR 4 17 1000
CBIR 4 18 1000
CBIR 4 19 1000
CBIR 4 20 1000
CBIR 4 21 793
CBIR 4 22 376
CBIR 4 23 730
CBIR 4 24 317
CBIR 4 25 263
CBIR 4 26 449
CBIR 4 27 109
CBIR 4 28 278
CBIR 4 29 277
CBIR 4 30 318
CBIR 4 31 111
CBIR 4 32 292
CBIR 4 33 391
CBIR 4 34 387
CBIR 4 35 521
CBIR 4 36 104
CBIR 4 37 103
CBIR 4 38 632
CBIR 4 39 442
CBIR 4 40 138
CBIR 4 41 790
CBIR 4 42 758
CBIR 4 43 55
CBIR 4 44 333
CBIR 4 45 609
CBIR 4 46 212
CBIR 4 47 499
CBIR 4 48 490
CBIR 4 49 969
CBIR 4 50 404
CBIR 4 51 322
CBIR 4 52 901
CBIR 4 53 820
CBIR 4 54 474
CBIR 4 55 458
CBIR 4 56 340
CBIR 4 57 637
CBIR 4 58 667
CBIR 4 59 643
CBIR 4 60 582
CBIR 4 61 278
CBIR 4 62 1000
CBIR 4 63 391
CBIR 4 64 677
CBIR 4 65 1000
CBIR 4 66 223
CBIR 4 67 298
CBIR 4 68 295
CBIR 4 69 452
CBIR 4 70 164
CBIR 4 71 481
CBIR 4 72 900
CBIR 4 73 343
CBIR 4 74 566
CBIR 4 75 594
CBIR 4 76 506
CBIR 4 77 1000
CBIR 4 78 486
CBIR 4 79 1000
CBIR 4 80 600
CBIR 4 81 1000
CBIR 4 82 1000
CBIR 4 83 1000
CBIR 4 84 588
CBIR 4 85 1000
CBIR 4 86 1000
CBIR 4 87 839
CBIR 4 88 1000
CBIR 4 89 946
CBIR 4 90 461
CBIR 4 91 958
CBIR 4 92 303
CBIR 4 93 631
CBIR 4 94 463
CBIR 4 95 706
CBIR 4 96 766
CBIR 4 97 358
CBIR 4 98 268
CBIR 4 99 317
UCB 4 0 1000
UCB 4 1 1000
UCB 4 2 1000
UCB 4 3 1000
UCB 4 4 1000
UCB 4 5 1000
UCB 4 6 259
UCB 4 7 49
UCB 4 8 242
UCB 4 9 219
UCB 4 10 428
UCB 4 11 201
UCB 4 12 172
UCB 4 13 134
UCB 4 14 132
UCB 4 15 26
UCB 4 16 241
UCB 4 17 274
UCB 4 18 380
UCB 4 19 197
UCB 4 20 231
UCB 4 21 80
UCB 4 22 420
UCB 4 23 47
UCB 4 24 184
UCB 4 25 265
UCB 4 26 170
UCB 4 27 376
UCB 4 28 129
UCB 4 29 150
UCB 4 30 192
UCB 4 31 440
UCB 4 32 309
UCB 4 33 85
UCB 4 34 275
UCB 4 35 179
UCB 4 36 219
UCB 4 37 469
UCB 4 38 137
UCB 4 39 656
UCB 4 40 376
UCB 4 41 261
UCB 4 42 331
UCB 4 43 167
UCB 4 44 904
UCB 4 45 367
UCB 4 46 221
UCB 4 47 186
UCB 4 48 325
UCB 4 49 381
UCB 4 50 240
UCB 4 51 237
UCB 4 52 274
UCB 4 53 231
UCB 4 54 222
UCB 4 55 317
UCB 4 56 167
UCB 4 57 383
UCB 4 58 359
UCB 4 59 110
UCB 4 60 368
UCB 4 61 261
UCB 4 62 193
UCB 4 63 1000
UCB 4 64 522
UCB 4 65 240
UCB 4 66 526
UCB 4 67 734
UCB 4 68 137
UCB 4 69 431
UCB 4 70 248
UCB 4 71 188
UCB 4 72 471
UCB 4 73 639
UCB 4 74 1000
UCB 4 75 1000
UCB 4 76 693
UCB 4 77 696
UCB 4 78 681
UCB 4 79 378
UCB 4 80 1000
UCB 4 81 841
UCB 4 82 502
UCB 4 83 714
UCB 4 84 554
UCB 4 85 684
UCB 4 86 400
UCB 4 87 1000
UCB 4 88 407
UCB 4 89 197
UCB 4 90 266
UCB 4 91 526
UCB 4 92 302
UCB 4 93 695
UCB 4 94 497
UCB 4 95 212
UCB 4 96 585
UCB 4 97 180
UCB 4 98 425
UCB 4 99 673
CBIR 5 0 1000
CBIR 5 1 1000
CBIR 5 2 626
CBIR 5 3 1000
CBIR 5 4 1000
CBIR 5 5 228
CBIR 5 6 164
CBIR 5 7 226
CBIR 5 8 177
CBIR 5 9 311
CBIR 5 10 108
CBIR 5 11 201
CBIR 5 12 257
CBIR 5 13 210
CBIR 5 14 284
CBIR 5 15 589
CBIR 5 16 262
CBIR 5 17 246
CBIR 5 18 163
CBIR 5 19 278
CBIR 5 20 216
CBIR 5 21 475
CBIR 5 22 285
CBIR 5 23 279
CBIR 5 24 132
CBIR 5 25 478
CBIR 5 26 265
CBIR 5 27 167
CBIR 5 28 261
CBIR 5 29 91
CBIR 5 30 82
CBIR 5 31 131
CBIR 5 32 124
CBIR 5 33 191
CBIR 5 34 96
CBIR 5 35 267
CBIR 5 36 134
CBIR 5 37 764
CBIR 5 38 99
CBIR 5 39 236
CBIR 5 40 395
CBIR 5 41 377
CBIR 5 42 193
CBIR 5 43 300
CBIR 5 44 74
CBIR 5 45 418
CBIR 5 46 135
CBIR 5 47 275
CBIR 5 48 74
CBIR 5 49 619
CBIR 5 50 324
CBIR 5 51 195
CBIR 5 52 385
CBIR 5 53 79
CBIR 5 54 182
CBIR 5 55 322
CBIR 5 56 226
CBIR 5 57 191
CBIR 5 58 267
CBIR 5 59 84
CBIR 5 60 255
CBIR 5 61 144
CBIR 5 62 365
CBIR 5 63 409
CBIR 5 64 768
CBIR 5 65 142
CBIR 5 66 237
CBIR 5 67 311
CBIR 5 68 199
CBIR 5 69 192
CBIR 5 70 134
CBIR 5 71 262
CBIR 5 72 216
CBIR 5 73 122
CBIR 5 74 458
CBIR 5 75 371
CBIR 5 76 229
CBIR 5 77 409
CBIR 5 78 203
CBIR 5 79 382
CBIR 5 80 279
CBIR 5 81 243
CBIR 5 82 275
CBIR 5 83 299
CBIR 5 84 153
CBIR 5 85 246
CBIR 5 86 225
CBIR 5 87 378
CBIR 5 88 393
CBIR 5 89 200
CBIR 5 90 241
CBIR 5 91 260
CBIR 5 92 203
CBIR 5 93 116
CBIR 5 94 274
CBIR 5 95 399
CBIR 5 96 499
CBIR 5 97 103
CBIR 5 98 83
CBIR 5 99 338
UCB 5 0 1000
UCB 5 1 521
UCB 5 2 365
UCB 5 3 226
UCB 5 4 214
UCB 5 5 191
UCB 5 6 48
UCB 5 7 252
UCB 5 8 136
UCB 5 9 61
UCB 5 10 320
UCB 5 11 94
UCB 5 12 265
UCB 5 13 88
UCB 5 14 228
UCB 5 15 134
UCB 5 16 335
UCB 5 17 74
UCB 5 18 57
UCB 5 19 123
UCB 5 20 184
UCB 5 21 178
UCB 5 22 288
UCB 5 23 299
UCB 5 24 129
UCB 5 25 142
UCB 5 26 163
UCB 5 27 297
UCB 5 28 71
UCB 5 29 299
UCB 5 30 192
UCB 5 31 157
UCB 5 32 87
UCB 5 33 153
UCB 5 34 320
UCB 5 35 66
UCB 5 36 59
UCB 5 37 198
UCB 5 38 476
UCB 5 39 452
UCB 5 40 362
UCB 5 41 85
UCB 5 42 135
UCB 5 43 178
UCB 5 44 362
UCB 5 45 266
UCB 5 46 351
UCB 5 47 584
UCB 5 48 178
UCB 5 49 318
UCB 5 50 160
UCB 5 51 355
UCB 5 52 610
UCB 5 53 295
UCB 5 54 602
UCB 5 55 465
UCB 5 56 202
UCB 5 57 125
UCB 5 58 473
UCB 5 59 181
UCB 5 60 357
UCB 5 61 57
UCB 5 62 440
UCB 5 63 565
UCB 5 64 240
UCB 5 65 119
UCB 5 66 342
UCB 5 67 89
UCB 5 68 272
UCB 5 69 488
UCB 5 70 357
UCB 5 71 395
UCB 5 72 347
UCB 5 73 389
UCB 5 74 343
UCB 5 75 216
UCB 5 76 1000
UCB 5 77 263
UCB 5 78 855
UCB 5 79 363
UCB 5 80 331
UCB 5 81 374
UCB 5 82 1000
UCB 5 83 147
UCB 5 84 646
UCB 5 85 1000
UCB 5 86 623
UCB 5 87 825
UCB 5 88 648
UCB 5 89 641
UCB 5 90 555
UCB 5 91 598
UCB 5 92 649
UCB 5 93 252
UCB 5 94 98
UCB 5 95 610
UCB 5 96 285
UCB 5 97 500
UCB 5 98 699
UCB 5 99 516
CBIR 6 0 1000
CBIR 6 1 1000
CBIR 6 2 1000
CBIR 6 3 574
CBIR 6 4 220
CBIR 6 5 355
CBIR 6 6 386
CBIR 6 7 163
CBIR 6 8 306
CBIR 6 9 412
CBIR 6 10 259
CBIR 6 11 219
CBIR 6 12 121
CBIR 6 13 278
CBIR 6 14 302
CBIR 6 15 318
CBIR 6 16 177
CBIR 6 17 123
CBIR 6 18 291
CBIR 6 19 105
CBIR 6 20 360
CBIR 6 21 604
CBIR 6 22 217
CBIR 6 23 694
CBIR 6 24 795
CBIR 6 25 412
CBIR 6 26 54
CBIR 6 27 559
CBIR 6 28 711
CBIR 6 29 155
CBIR 6 30 103
CBIR 6 31 242
CBIR 6 32 222
CBIR 6 33 215
CBIR 6 34 206
CBIR 6 35 410
CBIR 6 36 403
CBIR 6 37 404
CBIR 6 38 337
CBIR 6 39 477
CBIR 6 40 59
CBIR 6 41 315
CBIR 6 42 401
CBIR 6 43 398
CBIR 6 44 161
CBIR 6 45 137
CBIR 6 46 237
CBIR 6 47 163
CBIR 6 48 295
CBIR 6 49 906
CBIR 6 50 242
CBIR 6 51 365
CBIR 6 52 483
CBIR 6 53 355
CBIR 6 54 343
CBIR 6 55 43
CBIR 6 56 764
CBIR 6 57 232
CBIR 6 58 215
CBIR 6 59 447
CBIR 6 60 334
CBIR 6 61 626
CBIR 6 62 245
CBIR 6 63 289
CBIR 6 64 402
CBIR 6 65 541
CBIR 6 66 751
CBIR 6 67 208
CBIR 6 68 511
CBIR 6 69 289
CBIR 6 70 251
CBIR 6 71 89
CBIR 6 72 683
CBIR 6 73 261
CBIR 6 74 1000
CBIR 6 75 488
CBIR 6 76 218
CBIR 6 77 270
CBIR 6 78 437
CBIR 6 79 786
CBIR 6 80 362
CBIR 6 81 566
CBIR 6 82 570
CBIR 6 83 95
CBIR 6 84 198
CBIR 6 85 303
CBIR 6 86 297
CBIR 6 87 181
CBIR 6 88 224
CBIR 6 89 419
CBIR 6 90 364
CBIR 6 91 917
CBIR 6 92 960
CBIR 6 93 773
CBIR 6 94 707
CBIR 6 95 158
CBIR 6 96 401
CBIR 6 97 109
CBIR 6 98 203
CBIR 6 99 364
UCB 6 0 605
UCB 6 1 887
UCB 6 2 212
UCB 6 3 40
UCB 6 4 654
UCB 6 5 160
UCB 6 6 103
UCB 6 7 139
UCB 6 8 166
UCB 6 9 150
UCB 6 10 285
UCB 6 11 76
UCB 6 12 211
UCB 6 13 138
UCB 6 14 171
UCB 6 15 206
UCB 6 16 266
UCB 6 17 118
UCB 6 18 439
UCB 6 19 156
UCB 6 20 206
UCB 6 21 489
UCB 6 22 672
UCB 6 23 164
UCB 6 24 458
UCB 6 25 214
UCB 6 26 151
UCB 6 27 337
UCB 6 28 717
UCB 6 29 261
UCB 6 30 190
UCB 6 31 243
UCB 6 32 284
UCB 6 33 405
UCB 6 34 89
UCB 6 35 204
UCB 6 36 316
UCB 6 37 183
UCB 6 38 407
UCB 6 39 538
UCB 6 40 664
UCB 6 41 687
UCB 6 42 213
UCB 6 43 295
UCB 6 44 227
UCB 6 45 192
UCB 6 46 302
UCB 6 47 551
UCB 6 48 519
UCB 6 49 186
UCB 6 50 235
UCB 6 51 318
UCB 6 52 68
UCB 6 53 338
UCB 6 54 272
UCB 6 55 272
UCB 6 56 295
UCB 6 57 633
UCB 6 58 279
UCB 6 59 686
UCB 6 60 181
UCB 6 61 516
UCB 6 62 201
UCB 6 63 804
UCB 6 64 1000
UCB 6 65 757
UCB 6 66 344
UCB 6 67 253
UCB 6 68 551
UCB 6 69 183
UCB 6 70 309
UCB 6 71 181
UCB 6 72 708
UCB 6 73 499
UCB 6 74 944
UCB 6 75 267
UCB 6 76 774
UCB 6 77 246
UCB 6 78 194
UCB 6 79 572
UCB 6 80 1000
UCB 6 81 506
UCB 6 82 290
UCB 6 83 1000
UCB 6 84 382
UCB 6 85 783
UCB 6 86 1000
UCB 6 87 585
UCB 6 88 606
UCB 6 89 553
UCB 6 90 296
UCB 6 91 668
UCB 6 92 218
UCB 6 93 64
UCB 6 94 366
UCB 6 95 525
UCB 6 96 331
UCB 6 97 361
UCB 6 98 344
UCB 6 99 404
CBIR 7 0 1000
CBIR 7 1 1000
CBIR 7 2 531
CBIR 7 3 622
CBIR 7 4 245
CBIR 7 5 89
CBIR 7 6 156
CBIR 7 7 356
CBIR 7 8 495
CBIR 7 9 307
CBIR 7 10 228
CBIR 7 11 182
CBIR 7 12 158
CBIR 7 13 328
CBIR 7 14 308
CBIR 7 15 104
CBIR 7 16 179
CBIR 7 17 294
CBIR 7 18 53
CBIR 7 19 551
CBIR 7 20 45
CBIR 7 21 230
CBIR 7 22 519
CBIR 7 23 590
CBIR 7 24 309
CBIR 7 25 500
CBIR 7 26 367
CBIR 7 27 183
CBIR 7 28 295
CBIR 7 29 350
CBIR 7 30 414
CBIR 7 31 251
CBIR 7 32 465
CBIR 7 33 669
CBIR 7 34 85
CBIR 7 35 160
CBIR 7 36 650
CBIR 7 37 763
CBIR 7 38 268
CBIR 7 39 197
CBIR 7 40 524
CBIR 7 41 187
CBIR 7 42 165
CBIR 7 43 159
CBIR 7 44 422
CBIR 7 45 114
CBIR 7 46 324
CBIR 7 47 219
CBIR 7 48 452
CBIR 7 49 355
CBIR 7 50 555
CBIR 7 51 262
CBIR 7 52 762
CBIR 7 53 653
CBIR 7 54 499
CBIR 7 55 401
CBIR 7 56 204
CBIR 7 57 296
CBIR 7 58 795
CBIR 7 59 333
CBIR 7 60 466
CBIR 7 61 498
CBIR 7 62 245
CBIR 7 63 508
CBIR 7 64 544
CBIR 7 65 199
CBIR 7 66 399
CBIR 7 67 400
CBIR 7 68 510
CBIR 7 69 693
CBIR 7 70 109
CBIR 7 71 178
CBIR 7 72 508
CBIR 7 73 81
CBIR 7 74 434
CBIR 7 75 244
CBIR 7 76 269
CBIR 7 77 668
CBIR 7 78 495
CBIR 7 79 76
CBIR 7 80 123
CBIR 7 81 84
CBIR 7 82 223
CBIR 7 83 111
CBIR 7 84 119
CBIR 7 85 348
CBIR 7 86 412
CBIR 7 87 101
CBIR 7 88 366
CBIR 7 89 825
CBIR 7 90 263
CBIR 7 91 239
CBIR 7 92 308
CBIR 7 93 255
CBIR 7 94 331
CBIR 7 95 225
CBIR 7 96 363
CBIR 7 97 78
CBIR 7 98 430
CBIR 7 99 116
UCB 7 0 1000
UCB 7 1 130
UCB 7 2 585
UCB 7 3 114
UCB 7 4 125
UCB 7 5 49
UCB 7 6 145
UCB 7 7 407
UCB 7 8 160
UCB 7 9 491
UCB 7 10 297
UCB 7 11 316
UCB 7 12 122
UCB 7 13 219
UCB 7 14 334
UCB 7 15 215
UCB 7 16 105
UCB 7 17 126
UCB 7 18 251
UCB 7 19 128
UCB 7 20 684
UCB 7 21 231
UCB 7 22 348
UCB 7 23 246
UCB 7 24 267
UCB 7 25 385
UCB 7 26 226
UCB 7 27 189
UCB 7 28 56
UCB 7 29 77
UCB 7 30 469
UCB 7 31 197
UCB 7 32 212
UCB 7 33 413
UCB 7 34 274
UCB 7 35 661
UCB 7 36 320
UCB 7 37 663
UCB 7 38 327
UCB 7 39 810
UCB 7 40 217
UCB 7 41 339
UCB 7 42 340
UCB 7 43 220
UCB 7 44 571
UCB 7 45 372
UCB 7 46 241
UCB 7 47 293
UCB 7 48 244
UCB 7 49 146
UCB 7 50 136
UCB 7 51 540
UCB 7 52 414
UCB 7 53 331
UCB 7 54 332
UCB 7 55 51
UCB 7 56 199
UCB 7 57 402
UCB 7 58 408
UCB 7 59 175
UCB 7 60 347
UCB 7 61 355
UCB 7 62 281
UCB 7 63 216
UCB 7 64 502
UCB 7 65 317
UCB 7 66 216
UCB 7 67 409
UCB 7 68 845
UCB 7 69 307
UCB 7 70 600
UCB 7 71 547
UCB 7 72 611
UCB 7 73 371
UCB 7 74 761
UCB 7 75 1000
UCB 7 76 216
UCB 7 77 617
UCB 7 78 565
UCB 7 79 396
UCB 7 80 692
UCB 7 81 1000
UCB 7 82 542
UCB 7 83 389
UCB 7 84 1000
UCB 7 85 905
UCB 7 86 170
UCB 7 87 1000
UCB 7 88 811
UCB 7 89 356
UCB 7 90 1000
UCB 7 91 440
UCB 7 92 237
UCB 7 93 468
UCB 7 94 279
UCB 7 95 598
UCB 7 96 246
UCB 7 97 253
UCB 7 98 748
UCB 7 99 598
CBIR 8 0 1000
CBIR 8 1 1000
CBIR 8 2 1000
CBIR 8 3 1000
CBIR 8 4 1000
CBIR 8 5 1000
CBIR 8 6 1000
CBIR 8 7 1000
CBIR 8 8 472
CBIR 8 9 981
CBIR 8 10 647
CBIR 8 11 1000
CBIR 8 12 446
CBIR 8 13 318
CBIR 8 14 211
CBIR 8 15 419
CBIR 8 16 503
CBIR 8 17 495
CBIR 8 18 221
CBIR 8 19 358
CBIR 8 20 446
CBIR 8 21 93
CBIR 8 22 189
CBIR 8 23 200
CBIR 8 24 1000
CBIR 8 25 688
CBIR 8 26 334
CBIR 8 27 601
CBIR 8 28 242
CBIR 8 29 221
CBIR 8 30 340
CBIR 8 31 356
CBIR 8 32 742
CBIR 8 33 868
CBIR 8 34 1000
CBIR 8 35 287
CBIR 8 36 154
CBIR 8 37 83
CBIR 8 38 62
CBIR 8 39 709
CBIR 8 40 689
CBIR 8 41 415
CBIR 8 42 138
CBIR 8 43 105
CBIR 8 44 279
CBIR 8 45 516
CBIR 8 46 219
CBIR 8 47 517
CBIR 8 48 237
CBIR 8 49 266
CBIR 8 50 258
CBIR 8 51 246
CBIR 8 52 492
CBIR 8 53 395
CBIR 8 54 393
CBIR 8 55 326
CBIR 8 56 299
CBIR 8 57 779
CBIR 8 58 403
CBIR 8 59 205
CBIR 8 60 388
CBIR 8 61 443
CBIR 8 62 152
CBIR 8 63 466
CBIR 8 64 205
CBIR 8 65 331
CBIR 8 66 102
CBIR 8 67 281
CBIR 8 68 434
CBIR 8 69 363
CBIR 8 70 623
CBIR 8 71 599
CBIR 8 72 789
CBIR 8 73 700
CBIR 8 74 301
CBIR 8 75 509
CBIR 8 76 407
CBIR 8 77 604
CBIR 8 78 447
CBIR 8 79 628
CBIR 8 80 560
CBIR 8 81 401
CBIR 8 82 490
CBIR 8 83 642
CBIR 8 84 302
CBIR 8 85 296
CBIR 8 86 499
CBIR 8 87 305
CBIR 8 88 514
CBIR 8 89 487
CBIR 8 90 593
CBIR 8 91 405
CBIR 8 92 190
CBIR 8 93 499
CBIR 8 94 645
CBIR 8 95 316
CBIR 8 96 550
CBIR 8 97 110
CBIR 8 98 786
CBIR 8 99 888
UCB 8 0 1000
UCB 8 1 1000
UCB 8 2 1000
UCB 8 3 1000
UCB 8 4 1000
UCB 8 5 141
UCB 8 6 961
UCB 8 7 251
UCB 8 8 287
UCB 8 9 162
UCB 8 10 305
UCB 8 11 211
UCB 8 12 70
UCB 8 13 113
UCB 8 14 308
UCB 8 15 183
UCB 8 16 332
UCB 8 17 296
UCB 8 18 104
UCB 8 19 80
UCB 8 20 109
UCB 8 21 377
UCB 8 22 59
UCB 8 23 326
UCB 8 24 304
UCB 8 25 116
UCB 8 26 514
UCB 8 27 283
UCB 8 28 90
UCB 8 29 406
UCB 8 30 227
UCB 8 31 226
UCB 8 32 213
UCB 8 33 358
UCB 8 34 346
UCB 8 35 379
UCB 8 36 234
UCB 8 37 527
UCB 8 38 218
UCB 8 39 525
UCB 8 40 182
UCB 8 41 290
UCB 8 42 376
UCB 8 43 587
UCB 8 44 357
UCB 8 45 142
UCB 8 46 198
UCB 8 47 97
UCB 8 48 193
UCB 8 49 135
UCB 8 50 281
UCB 8 51 185
UCB 8 52 643
UCB 8 53 71
UCB 8 54 574
UCB 8 55 501
UCB 8 56 195
UCB 8 57 529
UCB 8 58 223
UCB 8 59 549
UCB 8 60 1000
UCB 8 61 196
UCB 8 62 288
UCB 8 63 312
UCB 8 64 205
UCB 8 65 392
UCB 8 66 200
UCB 8 67 498
UCB 8 68 506
UCB 8 69 178
UCB 8 70 1000
UCB 8 71 808
UCB 8 72 262
UCB 8 73 241
UCB 8 74 314
UCB 8 75 583
UCB 8 76 239
UCB 8 77 506
UCB 8 78 559
UCB 8 79 793
UCB 8 80 1000
UCB 8 81 201
UCB 8 82 288
UCB 8 83 343
UCB 8 84 270
UCB 8 85 320
UCB 8 86 673
UCB 8 87 499
UCB 8 88 222
UCB 8 89 82
UCB 8 90 179
UCB 8 91 427
UCB 8 92 439
UCB 8 93 659
UCB 8 94 684
UCB 8 95 348
UCB 8 96 1000
UCB 8 97 1000
UCB 8 98 1000
UCB 8 99 1000
CBIR 9 0 1000
CBIR 9 1 1000
CBIR 9 2 1000
CBIR 9 3 1000
CBIR 9 4 1000
CBIR 9 5 1000
CBIR 9 6 1000
CBIR 9 7 944
CBIR 9 8 1000
CBIR 9 9 855
CBIR 9 10 309
CBIR 9 11 316
CBIR 9 12 894
CBIR 9 13 586
CBIR 9 14 311
CBIR 9 15 652
CBIR 9 16 449
CBIR 9 17 676
CBIR 9 18 109
CBIR 9 19 893
CBIR 9 20 596
CBIR 9 21 297
CBIR 9 22 499
CBIR 9 23 508
CBIR 9 24 364
CBIR 9 25 342
CBIR 9 26 555
CBIR 9 27 85
CBIR 9 28 422
CBIR 9 29 241
CBIR 9 30 376
CBIR 9 31 306
CBIR 9 32 606
CBIR 9 33 345
CBIR 9 34 241
CBIR 9 35 896
CBIR 9 36 600
CBIR 9 37 1000
CBIR 9 38 999
CBIR 9 39 102
CBIR 9 40 723
CBIR 9 41 773
CBIR 9 42 199
CBIR 9 43 331
CBIR 9 44 64
CBIR 9 45 304
CBIR 9 46 399
CBIR 9 47 699
CBIR 9 48 196
CBIR 9 49 317
CBIR 9 50 585
CBIR 9 51 964
CBIR 9 52 332
CBIR 9 53 614
CBIR 9 54 1000
CBIR 9 55 881
CBIR 9 56 838
CBIR 9 57 236
CBIR 9 58 1000
CBIR 9 59 954
CBIR 9 60 1000
CBIR 9 61 1000
CBIR 9 62 1000
CBIR 9 63 1000
CBIR 9 64 1000
CBIR 9 65 1000
CBIR 9 66 444
CBIR 9 67 1000
CBIR 9 68 424
CBIR 9 69 606
CBIR 9 70 417
CBIR 9 71 477
CBIR 9 72 400
CBIR 9 73 212
CBIR 9 74 382
CBIR 9 75 607
CBIR 9 76 198
CBIR 9 77 392
CBIR 9 78 237
CBIR 9 79 861
CBIR 9 80 283
CBIR 9 81 215
CBIR 9 82 611
CBIR 9 83 159
CBIR 9 84 528
CBIR 9 85 426
CBIR 9 86 572
CBIR 9 87 697
CBIR 9 88 713
CBIR 9 89 214
CBIR 9 90 285
CBIR 9 91 589
CBIR 9 92 331
CBIR 9 93 921
CBIR 9 94 148
CBIR 9 95 494
CBIR 9 96 221
CBIR 9 97 384
CBIR 9 98 518
CBIR 9 99 203
UCB 9 0 122
UCB 9 1 109
UCB 9 2 113
UCB 9 3 194
UCB 9 4 232
UCB 9 5 56
UCB 9 6 71
UCB 9 7 107
UCB 9 8 458
UCB 9 9 94
UCB 9 10 183
UCB 9 11 100
UCB 9 12 88
UCB 9 13 180
UCB 9 14 197
UCB 9 15 23
UCB 9 16 165
UCB 9 17 214
UCB 9 18 119
UCB 9 19 185
UCB 9 20 204
UCB 9 21 58
UCB 9 22 109
UCB 9 23 147
UCB 9 24 357
UCB 9 25 217
UCB 9 26 295
UCB 9 27 189
UCB 9 28 289
UCB 9 29 354
UCB 9 30 245
UCB 9 31 295
UCB 9 32 315
UCB 9 33 384
UCB 9 34 341
UCB 9 35 389
UCB 9 36 92
UCB 9 37 107
UCB 9 38 222
UCB 9 39 421
UCB 9 40 320
UCB 9 41 254
UCB 9 42 84
UCB 9 43 283
UCB 9 44 296
UCB 9 45 98
UCB 9 46 182
UCB 9 47 398
UCB 9 48 517
UCB 9 49 442
UCB 9 50 138
UCB 9 51 497
UCB 9 52 485
UCB 9 53 358
UCB 9 54 170
UCB 9 55 150
UCB 9 56 495
UCB 9 57 231
UCB 9 58 531
UCB 9 59 80
UCB 9 60 451
UCB 9 61 272
UCB 9 62 393
UCB 9 63 184
UCB 9 64 478
UCB 9 65 752
UCB 9 66 335
UCB 9 67 274
UCB 9 68 455
UCB 9 69 970
UCB 9 70 246
UCB 9 71 170
UCB 9 72 28
UCB 9 73 360
UCB 9 74 43
UCB 9 75 238
UCB 9 76 387
UCB 9 77 450
UCB 9 78 252
UCB 9 79 539
UCB 9 80 140
UCB 9 81 335
UCB 9 82 443
UCB 9 83 1000
UCB 9 84 1000
UCB 9 85 485
UCB 9 86 992
UCB 9 87 995
UCB 9 88 545
UCB 9 89 215
UCB 9 90 636
UCB 9 91 858
UCB 9 92 388
UCB 9 93 175
UCB 9 94 316
UCB 9 95 507
UCB 9 96 1000
UCB 9 97 601
UCB 9 98 584
UCB 9 99 101
CBIR 10 0 1000
CBIR 10 1 1000
CBIR 10 2 1000
CBIR 10 3 1000
CBIR 10 4 1000
CBIR 10 5 1000
CBIR 10 6 1000
CBIR 10 7 1000
CBIR 10 8 1000
CBIR 10 9 1000
CBIR 10 10 1000
CBIR 10 11 1000
CBIR 10 12 1000
CBIR 10 13 778
CBIR 10 14 742
CBIR 10 15 409
CBIR 10 16 169
CBIR 10 17 199
CBIR 10 18 326
CBIR 10 19 491
CBIR 10 20 379
CBIR 10 21 243
CBIR 10 22 491
CBIR 10 23 254
CBIR 10 24 465
CBIR 10 25 343
CBIR 10 26 405
CBIR 10 27 295
CBIR 10 28 798
CBIR 10 29 506
CBIR 10 30 100
CBIR 10 31 400
CBIR 10 32 190
CBIR 10 33 209
CBIR 10 34 288
CBIR 10 35 401
CBIR 10 36 302
CBIR 10 37 533
CBIR 10 38 459
CBIR 10 39 545
CBIR 10 40 258
CBIR 10 41 498
CBIR 10 42 596
CBIR 10 43 178
CBIR 10 44 919
CBIR 10 45 401
CBIR 10 46 404
CBIR 10 47 994
CBIR 10 48 131
CBIR 10 49 568
CBIR 10 50 305
CBIR 10 51 480
CBIR 10 52 113
CBIR 10 53 495
CBIR 10 54 400
CBIR 10 55 442
CBIR 10 56 277
CBIR 10 57 280
CBIR 10 58 297
CBIR 10 59 106
CBIR 10 60 892
CBIR 10 61 300
CBIR 10 62 504
CBIR 10 63 303
CBIR 10 64 1000
CBIR 10 65 688
CBIR 10 66 451
CBIR 10 67 752
CBIR 10 68 1000
CBIR 10 69 640
CBIR 10 70 653
CBIR 10 71 402
CBIR 10 72 221
CBIR 10 73 1000
CBIR 10 74 1000
CBIR 10 75 648
CBIR 10 76 203
CBIR 10 77 826
CBIR 10 78 297
CBIR 10 79 197
CBIR 10 80 477
CBIR 10 81 721
CBIR 10 82 705
CBIR 10 83 676
CBIR 10 84 815
CBIR 10 85 499
CBIR 10 86 447
CBIR 10 87 1000
CBIR 10 88 1000
CBIR 10 89 1000
CBIR 10 90 486
CBIR 10 91 866
CBIR 10 92 1000
CBIR 10 93 1000
CBIR 10 94 1000
CBIR 10 95 497
CBIR 10 96 1000
CBIR 10 97 968
CBIR 10 98 831
CBIR 10 99 1000
UCB 10 0 1000
UCB 10 1 1000
UCB 10 2 1000
UCB 10 3 1000
UCB 10 4 1000
UCB 10 5 777
UCB 10 6 683
UCB 10 7 143
UCB 10 8 113
UCB 10 9 237
UCB 10 10 703
UCB 10 11 244
UCB 10 12 205
UCB 10 13 115
UCB 10 14 274
UCB 10 15 32
UCB 10 16 85
UCB 10 17 140
UCB 10 18 540
UCB 10 19 396
UCB 10 20 214
UCB 10 21 115
UCB 10 22 377
UCB 10 23 192
UCB 10 24 249
UCB 10 25 363
UCB 10 26 450
UCB 10 27 334
UCB 10 28 299
UCB 10 29 403
UCB 10 30 480
UCB 10 31 215
UCB 10 32 524
UCB 10 33 207
UCB 10 34 605
UCB 10 35 316
UCB 10 36 303
UCB 10 37 661
UCB 10 38 177
UCB 10 39 199
UCB 10 40 298
UCB 10 41 697
UCB 10 42 585
UCB 10 43 491
UCB 10 44 523
UCB 10 45 205
UCB 10 46 390
UCB 10 47 307
UCB 10 48 143
UCB 10 49 220
UCB 10 50 527
UCB 10 51 302
UCB 10 52 299
UCB 10 53 328
UCB 10 54 271
UCB 10 55 436
UCB 10 56 277
UCB 10 57 197
UCB 10 58 317
UCB 10 59 291
UCB 10 60 178
UCB 10 61 97
UCB 10 62 409
UCB 10 63 386
UCB 10 64 173
UCB 10 65 594
UCB 10 66 494
UCB 10 67 447
UCB 10 68 85
UCB 10 69 164
UCB 10 70 558
UCB 10 71 722
UCB 10 72 359
UCB 10 73 311
UCB 10 74 256
UCB 10 75 834
UCB 10 76 340
UCB 10 77 548
UCB 10 78 604
UCB 10 79 507
UCB 10 80 173
UCB 10 81 319
UCB 10 82 100
UCB 10 83 593
UCB 10 84 214
UCB 10 85 182
UCB 10 86 129
UCB 10 87 621
UCB 10 88 463
UCB 10 89 488
UCB 10 90 581
UCB 10 91 1000
UCB 10 92 813
UCB 10 93 444
UCB 10 94 1000
UCB 10 95 604
UCB 10 96 450
UCB 10 97 1000
UCB 10 98 700
UCB 10 99 543
CBIR 11 0 1000
CBIR 11 1 1000
CBIR 11 2 1000
CBIR 11 3 1000
CBIR 11 4 1000
CBIR 11 5 1000
CBIR 11 6 1000
CBIR 11 7 1000
CBIR 11 8 1000
CBIR 11 9 1000
CBIR 11 10 1000
CBIR 11 11 1000
CBIR 11 12 1000
CBIR 11 13 1000
CBIR 11 14 1000
CBIR 11 15 1000
CBIR 11 16 1000
CBIR 11 17 1000
CBIR 11 18 971
CBIR 11 19 338
CBIR 11 20 551
CBIR 11 21 371
CBIR 11 22 527
CBIR 11 23 48
CBIR 11 24 137
CBIR 11 25 463
CBIR 11 26 886
CBIR 11 27 531
CBIR 11 28 337
CBIR 11 29 430
CBIR 11 30 565
CBIR 11 31 334
CBIR 11 32 532
CBIR 11 33 252
CBIR 11 34 412
CBIR 11 35 1000
CBIR 11 36 420
CBIR 11 37 877
CBIR 11 38 92
CBIR 11 39 1000
CBIR 11 40 120
CBIR 11 41 621
CBIR 11 42 1000
CBIR 11 43 463
CBIR 11 44 927
CBIR 11 45 871
CBIR 11 46 608
CBIR 11 47 300
CBIR 11 48 78
CBIR 11 49 617
CBIR 11 50 366
CBIR 11 51 47
CBIR 11 52 78
CBIR 11 53 322
CBIR 11 54 494
CBIR 11 55 746
CBIR 11 56 653
CBIR 11 57 210
CBIR 11 58 274
CBIR 11 59 297
CBIR 11 60 396
CBIR 11 61 99
CBIR 11 62 399
CBIR 11 63 701
CBIR 11 64 355
CBIR 11 65 241
CBIR 11 66 683
CBIR 11 67 240
CBIR 11 68 330
CBIR 11 69 206
CBIR 11 70 104
CBIR 11 71 654
CBIR 11 72 212
CBIR 11 73 562
CBIR 11 74 441
CBIR 11 75 164
CBIR 11 76 793
CBIR 11 77 226
CBIR 11 78 54
CBIR 11 79 685
CBIR 11 80 238
CBIR 11 81 108
CBIR 11 82 124
CBIR 11 83 664
CBIR 11 84 330
CBIR 11 85 288
CBIR 11 86 472
CBIR 11 87 600
CBIR 11 88 332
CBIR 11 89 295
CBIR 11 90 80
CBIR 11 91 500
CBIR 11 92 292
CBIR 11 93 458
CBIR 11 94 339
CBIR 11 95 295
CBIR 11 96 230
CBIR 11 97 670
CBIR 11 98 297
CBIR 11 99 400
UCB 11 0 898
UCB 11 1 418
UCB 11 2 248
UCB 11 3 153
UCB 11 4 89
UCB 11 5 131
UCB 11 6 130
UCB 11 7 132
UCB 11 8 151
UCB 11 9 69
UCB 11 10 141
UCB 11 11 148
UCB 11 12 456
UCB 11 13 474
UCB 11 14 152
UCB 11 15 290
UCB 11 16 58
UCB 11 17 47
UCB 11 18 86
UCB 11 19 47
UCB 11 20 302
UCB 11 21 475
UCB 11 22 393
UCB 11 23 223
UCB 11 24 139
UCB 11 25 380
UCB 11 26 213
UCB 11 27 291
UCB 11 28 55
UCB 11 29 490
UCB 11 30 302
UCB 11 31 312
UCB 11 32 496
UCB 11 33 214
UCB 11 34 275
UCB 11 35 641
UCB 11 36 79
UCB 11 37 685
UCB 11 38 173
UCB 11 39 250
UCB 11 40 135
UCB 11 41 325
UCB 11 42 411
UCB 11 43 488
UCB 11 44 225
UCB 11 45 366
UCB 11 46 307
UCB 11 47 529
UCB 11 48 363
UCB 11 49 54
UCB 11 50 242
UCB 11 51 127
UCB 11 52 268
UCB 11 53 117
UCB 11 54 288
UCB 11 55 202
UCB 11 56 308
UCB 11 57 187
UCB 11 58 218
UCB 11 59 299
UCB 11 60 118
UCB 11 61 124
UCB 11 62 435
UCB 11 63 144
UCB 11 64 263
UCB 11 65 371
UCB 11 66 222
UCB 11 67 399
UCB 11 68 130
UCB 11 69 180
UCB 11 70 195
UCB 11 71 399
UCB 11 72 192
UCB 11 73 406
UCB 11 74 506
UCB 11 75 407
UCB 11 76 481
UCB 11 77 512
UCB 11 78 579
UCB 11 79 298
UCB 11 80 163
UCB 11 81 366
UCB 11 82 671
UCB 11 83 728
UCB 11 84 177
UCB 11 85 231
UCB 11 86 338
UCB 11 87 413
UCB 11 88 618
UCB 11 89 107
UCB 11 90 472
UCB 11 91 271
UCB 11 92 241
UCB 11 93 85
UCB 11 94 137
UCB 11 95 224
UCB 11 96 242
UCB 11 97 232
UCB 11 98 209
UCB 11 99 302
CBIR 12 0 1000
CBIR 12 1 1000
CBIR 12 2 1000
CBIR 12 3 1000
CBIR 12 4 1000
CBIR 12 5 1000
CBIR 12 6 1000
CBIR 12 7 1000
CBIR 12 8 600
CBIR 12 9 422
CBIR 12 10 442
CBIR 12 11 167
CBIR 12 12 57
CBIR 12 13 591
CBIR 12 14 317
CBIR 12 15 139
CBIR 12 16 398
CBIR 12 17 49
CBIR 12 18 779
CBIR 12 19 338
CBIR 12 20 391
CBIR 12 21 398
CBIR 12 22 198
CBIR 12 23 290
CBIR 12 24 221
CBIR 12 25 289
CBIR 12 26 76
CBIR 12 27 223
CBIR 12 28 596
CBIR 12 29 479
CBIR 12 30 324
CBIR 12 31 296
CBIR 12 32 217
CBIR 12 33 277
CBIR 12 34 400
CBIR 12 35 143
CBIR 12 36 356
CBIR 12 37 299
CBIR 12 38 599
CBIR 12 39 304
CBIR 12 40 480
CBIR 12 41 220
CBIR 12 42 44
CBIR 12 43 1000
CBIR 12 44 252
CBIR 12 45 398
CBIR 12 46 416
CBIR 12 47 184
CBIR 12 48 294
CBIR 12 49 367
CBIR 12 50 412
CBIR 12 51 41
CBIR 12 52 686
CBIR 12 53 388
CBIR 12 54 252
CBIR 12 55 307
CBIR 12 56 541
CBIR 12 57 871
CBIR 12 58 309
CBIR 12 59 282
CBIR 12 60 263
CBIR 12 61 464
CBIR 12 62 602
CBIR 12 63 203
CBIR 12 64 160
CBIR 12 65 473
CBIR 12 66 577
CBIR 12 67 1000
CBIR 12 68 249
CBIR 12 69 631
CBIR 12 70 902
CBIR 12 71 796
CBIR 12 72 399
CBIR 12 73 238
CBIR 12 74 461
CBIR 12 75 531
CBIR 12 76 369
CBIR 12 77 497
CBIR 12 78 566
CBIR 12 79 337
CBIR 12 80 595
CBIR 12 81 334
CBIR 12 82 670
CBIR 12 83 94
CBIR 12 84 165
CBIR 12 85 330
CBIR 12 86 228
CBIR 12 87 94
CBIR 12 88 876
CBIR 12 89 573
CBIR 12 90 50
CBIR 12 91 478
CBIR 12 92 328
CBIR 12 93 866
CBIR 12 94 487
CBIR 12 95 1000
CBIR 12 96 711
CBIR 12 97 300
CBIR 12 98 1000
CBIR 12 99 1000
UCB 12 0 1000
UCB 12 1 1000
UCB 12 2 1000
UCB 12 3 1000
UCB 12 4 1000
UCB 12 5 1000
UCB 12 6 1000
UCB 12 7 1000
UCB 12 8 1000
UCB 12 9 1000
UCB 12 10 1000
UCB 12 11 646
UCB 12 12 1000
UCB 12 13 464
UCB 12 14 160
UCB 12 15 117
UCB 12 16 71
UCB 12 17 50
UCB 12 18 220
UCB 12 19 32
UCB 12 20 341
UCB 12 21 590
UCB 12 22 59
UCB 12 23 337
UCB 12 24 347
UCB 12 25 79
UCB 12 26 288
UCB 12 27 288
UCB 12 28 770
UCB 12 29 229
UCB 12 30 137
UCB 12 31 471
UCB 12 32 88
UCB 12 33 167
UCB 12 34 237
UCB 12 35 201
UCB 12 36 310
UCB 12 37 189
UCB 12 38 340
UCB 12 39 201
UCB 12 40 49
UCB 12 41 297
UCB 12 42 403
UCB 12 43 321
UCB 12 44 169
UCB 12 45 403
UCB 12 46 408
UCB 12 47 107
UCB 12 48 160
UCB 12 49 122
UCB 12 50 243
UCB 12 51 253
UCB 12 52 49
UCB 12 53 535
UCB 12 54 328
UCB 12 55 196
UCB 12 56 718
UCB 12 57 375
UCB 12 58 145
UCB 12 59 194
UCB 12 60 55
UCB 12 61 105
UCB 12 62 502
UCB 12 63 606
UCB 12 64 241
UCB 12 65 652
UCB 12 66 906
UCB 12 67 43
UCB 12 68 119
UCB 12 69 455
UCB 12 70 328
UCB 12 71 164
UCB 12 72 121
UCB 12 73 185
UCB 12 74 118
UCB 12 75 875
UCB 12 76 370
UCB 12 77 704
UCB 12 78 484
UCB 12 79 521
UCB 12 80 408
UCB 12 81 578
UCB 12 82 405
UCB 12 83 505
UCB 12 84 518
UCB 12 85 354
UCB 12 86 960
UCB 12 87 172
UCB 12 88 204
UCB 12 89 89
UCB 12 90 309
UCB 12 91 163
UCB 12 92 670
UCB 12 93 279
UCB 12 94 1000
UCB 12 95 476
UCB 12 96 705
UCB 12 97 688
UCB 12 98 489
UCB 12 99 834
CBIR 13 0 1000
CBIR 13 1 1000
CBIR 13 2 1000
CBIR 13 3 1000
CBIR 13 4 1000
CBIR 13 5 1000
CBIR 13 6 1000
CBIR 13 7 1000
CBIR 13 8 1000
CBIR 13 9 1000
CBIR 13 10 1000
CBIR 13 11 1000
CBIR 13 12 1000
CBIR 13 13 1000
CBIR 13 14 1000
CBIR 13 15 1000
CBIR 13 16 1000
CBIR 13 17 1000
CBIR 13 18 1000
CBIR 13 19 1000
CBIR 13 20 1000
CBIR 13 21 1000
CBIR 13 22 1000
CBIR 13 23 1000
CBIR 13 24 1000
CBIR 13 25 1000
CBIR 13 26 1000
CBIR 13 27 1000
CBIR 13 28 1000
CBIR 13 29 1000
CBIR 13 30 1000
CBIR 13 31 1000
CBIR 13 32 1000
CBIR 13 33 1000
CBIR 13 34 1000
CBIR 13 35 1000
CBIR 13 36 1000
CBIR 13 37 1000
CBIR 13 38 148
CBIR 13 39 65
CBIR 13 40 1000
CBIR 13 41 198
CBIR 13 42 196
CBIR 13 43 505
CBIR 13 44 119
CBIR 13 45 89
CBIR 13 46 282
CBIR 13 47 616
CBIR 13 48 286
CBIR 13 49 523
CBIR 13 50 168
CBIR 13 51 524
CBIR 13 52 187
CBIR 13 53 335
CBIR 13 54 383
CBIR 13 55 460
CBIR 13 56 606
CBIR 13 57 111
CBIR 13 58 265
CBIR 13 59 415
CBIR 13 60 199
CBIR 13 61 147
CBIR 13 62 256
CBIR 13 63 398
CBIR 13 64 440
CBIR 13 65 371
CBIR 13 66 276
CBIR 13 67 205
CBIR 13 68 614
CBIR 13 69 348
CBIR 13 70 635
CBIR 13 71 475
CBIR 13 72 482
CBIR 13 73 1000
CBIR 13 74 840
CBIR 13 75 971
CBIR 13 76 926
CBIR 13 77 412
CBIR 13 78 417
CBIR 13 79 174
CBIR 13 80 509
CBIR 13 81 293
CBIR 13 82 116
CBIR 13 83 29
CBIR 13 84 453
CBIR 13 85 189
CBIR 13 86 404
CBIR 13 87 197
CBIR 13 88 289
CBIR 13 89 234
CBIR 13 90 138
CBIR 13 91 437
CBIR 13 92 300
CBIR 13 93 292
CBIR 13 94 122
CBIR 13 95 271
CBIR 13 96 207
CBIR 13 97 623
CBIR 13 98 345
CBIR 13 99 145
UCB 13 0 1000
UCB 13 1 1000
UCB 13 2 1000
UCB 13 3 762
UCB 13 4 110
UCB 13 5 219
UCB 13 6 90
UCB 13 7 242
UCB 13 8 245
UCB 13 9 114
UCB 13 10 43
UCB 13 11 489
UCB 13 12 172
UCB 13 13 415
UCB 13 14 493
UCB 13 15 323
UCB 13 16 129
UCB 13 17 386
UCB 13 18 254
UCB 13 19 354
UCB 13 20 257
UCB 13 21 189
UCB 13 22 393
UCB 13 23 1000
UCB 13 24 701
UCB 13 25 396
UCB 13 26 214
UCB 13 27 377
UCB 13 28 184
UCB 13 29 343
UCB 13 30 509
UCB 13 31 366
UCB 13 32 421
UCB 13 33 101
UCB 13 34 341
UCB 13 35 169
UCB 13 36 174
UCB 13 37 240
UCB 13 38 140
UCB 13 39 516
UCB 13 40 287
UCB 13 41 241
UCB 13 42 175
UCB 13 43 159
UCB 13 44 333
UCB 13 45 163
UCB 13 46 170
UCB 13 47 206
UCB 13 48 210
UCB 13 49 85
UCB 13 50 370
UCB 13 51 242
UCB 13 52 242
UCB 13 53 363
UCB 13 54 140
UCB 13 55 293
UCB 13 56 132
UCB 13 57 116
UCB 13 58 365
UCB 13 59 151
UCB 13 60 330
UCB 13 61 344
UCB 13 62 956
UCB 13 63 362
UCB 13 64 607
UCB 13 65 331
UCB 13 66 205
UCB 13 67 266
UCB 13 68 343
UCB 13 69 322
UCB 13 70 310
UCB 13 71 1000
UCB 13 72 200
UCB 13 73 618
UCB 13 74 456
UCB 13 75 266
UCB 13 76 116
UCB 13 77 184
UCB 13 78 373
UCB 13 79 324
UCB 13 80 263
UCB 13 81 353
UCB 13 82 119
UCB 13 83 715
UCB 13 84 352
UCB 13 85 361
UCB 13 86 543
UCB 13 87 434
UCB 13 88 282
UCB 13 89 855
UCB 13 90 746
UCB 13 91 564
UCB 13 92 259
UCB 13 93 247
UCB 13 94 892
UCB 13 95 278
UCB 13 96 720
UCB 13 97 693
UCB 13 98 206
UCB 13 99 605
CBIR 14 0 1000
CBIR 14 1 1000
CBIR 14 2 1000
CBIR 14 3 1000
CBIR 14 4 1000
CBIR 14 5 1000
CBIR 14 6 1000
CBIR 14 7 1000
CBIR 14 8 1000
CBIR 14 9 1000
CBIR 14 10 1000
CBIR 14 11 1000
CBIR 14 12 1000
CBIR 14 13 1000
CBIR 14 14 1000
CBIR 14 15 1000
CBIR 14 16 1000
CBIR 14 17 1000
CBIR 14 18 1000
CBIR 14 19 629
CBIR 14 20 774
CBIR 14 21 545
CBIR 14 22 293
CBIR 14 23 370
CBIR 14 24 249
CBIR 14 25 570
CBIR 14 26 964
CBIR 14 27 298
CBIR 14 28 701
CBIR 14 29 557
CBIR 14 30 392
CBIR 14 31 455
CBIR 14 32 791
CBIR 14 33 403
CBIR 14 34 410
CBIR 14 35 383
CBIR 14 36 606
CBIR 14 37 495
CBIR 14 38 165
CBIR 14 39 530
CBIR 14 40 472
CBIR 14 41 577
CBIR 14 42 549
CBIR 14 43 300
CBIR 14 44 538
CBIR 14 45 595
CBIR 14 46 164
CBIR 14 47 223
CBIR 14 48 698
CBIR 14 49 474
CBIR 14 50 799
CBIR 14 51 300
CBIR 14 52 304
CBIR 14 53 401
CBIR 14 54 631
CBIR 14 55 860
CBIR 14 56 249
CBIR 14 57 748
CBIR 14 58 326
CBIR 14 59 218
CBIR 14 60 654
CBIR 14 61 612
CBIR 14 62 1000
CBIR 14 63 586
CBIR 14 64 699
CBIR 14 65 299
CBIR 14 66 199
CBIR 14 67 824
CBIR 14 68 1000
CBIR 14 69 779
CBIR 14 70 144
CBIR 14 71 649
CBIR 14 72 521
CBIR 14 73 779
CBIR 14 74 698
CBIR 14 75 798
CBIR 14 76 801
CBIR 14 77 1000
CBIR 14 78 796
CBIR 14 79 301
CBIR 14 80 1000
CBIR 14 81 511
CBIR 14 82 1000
CBIR 14 83 1000
CBIR 14 84 390
CBIR 14 85 294
CBIR 14 86 572
CBIR 14 87 835
CBIR 14 88 612
CBIR 14 89 378
CBIR 14 90 33
CBIR 14 91 515
CBIR 14 92 528
CBIR 14 93 1000
CBIR 14 94 337
CBIR 14 95 224
CBIR 14 96 565
CBIR 14 97 994
CBIR 14 98 1000
CBIR 14 99 453
UCB 14 0 732
UCB 14 1 29
UCB 14 2 502
UCB 14 3 198
UCB 14 4 67
UCB 14 5 39
UCB 14 6 133
UCB 14 7 313
UCB 14 8 146
UCB 14 9 158
UCB 14 10 225
UCB 14 11 165
UCB 14 12 292
UCB 14 13 71
UCB 14 14 113
UCB 14 15 113
UCB 14 16 248
UCB 14 17 193
UCB 14 18 228
UCB 14 19 316
UCB 14 20 68
UCB 14 21 257
UCB 14 22 90
UCB 14 23 177
UCB 14 24 95
UCB 14 25 153
UCB 14 26 145
UCB 14 27 557
UCB 14 28 261
UCB 14 29 176
UCB 14 30 426
UCB 14 31 391
UCB 14 32 194
UCB 14 33 167
UCB 14 34 103
UCB 14 35 270
UCB 14 36 254
UCB 14 37 216
UCB 14 38 333
UCB 14 39 273
UCB 14 40 174
UCB 14 41 227
UCB 14 42 517
UCB 14 43 58
UCB 14 44 363
UCB 14 45 207
UCB 14 46 379
UCB 14 47 314
UCB 14 48 79
UCB 14 49 284
UCB 14 50 76
UCB 14 51 188
UCB 14 52 209
UCB 14 53 542
UCB 14 54 200
UCB 14 55 743
UCB 14 56 355
UCB 14 57 581
UCB 14 58 270
UCB 14 59 300
UCB 14 60 214
UCB 14 61 89
UCB 14 62 203
UCB 14 63 130
UCB 14 64 467
UCB 14 65 535
UCB 14 66 147
UCB 14 67 58
UCB 14 68 637
UCB 14 69 339
UCB 14 70 392
UCB 14 71 423
UCB 14 72 215
UCB 14 73 590
UCB 14 74 217
UCB 14 75 953
UCB 14 76 226
UCB 14 77 356
UCB 14 78 479
UCB 14 79 118
UCB 14 80 656
UCB 14 81 722
UCB 14 82 215
UCB 14 83 396
UCB 14 84 301
UCB 14 85 304
UCB 14 86 281
UCB 14 87 405
UCB 14 88 164
UCB 14 89 435
UCB 14 90 397
UCB 14 91 378
UCB 14 92 378
UCB 14 93 462
UCB 14 94 371
UCB 14 95 437
UCB 14 96 377
UCB 14 97 398
UCB 14 98 421
UCB 14 99 429
CBIR 15 0 1000
CBIR 15 1 1000
CBIR 15 2 1000
CBIR 15 3 626
CBIR 15 4 712
CBIR 15 5 360
CBIR 15 6 646
CBIR 15 7 69
CBIR 15 8 207
CBIR 15 9 296
CBIR 15 10 279
CBIR 15 11 122
CBIR 15 12 374
CBIR 15 13 814
CBIR 15 14 318
CBIR 15 15 91
CBIR 15 16 189
CBIR 15 17 93
CBIR 15 18 306
CBIR 15 19 116
CBIR 15 20 765
CBIR 15 21 99
CBIR 15 22 500
CBIR 15 23 898
CBIR 15 24 309
CBIR 15 25 623
CBIR 15 26 164
CBIR 15 27 644
CBIR 15 28 549
CBIR 15 29 637
CBIR 15 30 507
CBIR 15 31 565
CBIR 15 32 449
CBIR 15 33 843
CBIR 15 34 314
CBIR 15 35 766
CBIR 15 36 128
CBIR 15 37 393
CBIR 15 38 297
CBIR 15 39 497
CBIR 15 40 217
CBIR 15 41 487
CBIR 15 42 1000
CBIR 15 43 279
CBIR 15 44 258
CBIR 15 45 870
CBIR 15 46 492
CBIR 15 47 89
CBIR 15 48 446
CBIR 15 49 504
CBIR 15 50 648
CBIR 15 51 299
CBIR 15 52 181
CBIR 15 53 139
CBIR 15 54 376
CBIR 15 55 629
CBIR 15 56 705
CBIR 15 57 164
CBIR 15 58 1000
CBIR 15 59 1000
CBIR 15 60 800
CBIR 15 61 1000
CBIR 15 62 839
CBIR 15 63 359
CBIR 15 64 446
CBIR 15 65 351
CBIR 15 66 135
CBIR 15 67 241
CBIR 15 68 564
CBIR 15 69 210
CBIR 15 70 325
CBIR 15 71 759
CBIR 15 72 339
CBIR 15 73 218
CBIR 15 74 900
CBIR 15 75 1000
CBIR 15 76 411
CBIR 15 77 984
CBIR 15 78 604
CBIR 15 79 396
CBIR 15 80 1000
CBIR 15 81 522
CBIR 15 82 603
CBIR 15 83 501
CBIR 15 84 770
CBIR 15 85 1000
CBIR 15 86 359
CBIR 15 87 340
CBIR 15 88 798
CBIR 15 89 301
CBIR 15 90 310
CBIR 15 91 1000
CBIR 15 92 1000
CBIR 15 93 1000
CBIR 15 94 1000
CBIR 15 95 1000
CBIR 15 96 1000
CBIR 15 97 1000
CBIR 15 98 1000
CBIR 15 99 1000
UCB 15 0 30
UCB 15 1 383
UCB 15 2 197
UCB 15 3 45
UCB 15 4 123
UCB 15 5 178
UCB 15 6 61
UCB 15 7 89
UCB 15 8 387
UCB 15 9 824
UCB 15 10 389
UCB 15 11 202
UCB 15 12 81
UCB 15 13 344
UCB 15 14 169
UCB 15 15 109
UCB 15 16 122
UCB 15 17 90
UCB 15 18 561
UCB 15 19 904
UCB 15 20 300
UCB 15 21 325
UCB 15 22 187
UCB 15 23 415
UCB 15 24 278
UCB 15 25 310
UCB 15 26 121
UCB 15 27 115
UCB 15 28 515
UCB 15 29 218
UCB 15 30 305
UCB 15 31 283
UCB 15 32 120
UCB 15 33 226
UCB 15 34 496
UCB 15 35 1000
UCB 15 36 568
UCB 15 37 445
UCB 15 38 111
UCB 15 39 361
UCB 15 40 254
UCB 15 41 244
UCB 15 42 180
UCB 15 43 302
UCB 15 44 615
UCB 15 45 750
UCB 15 46 606
UCB 15 47 553
UCB 15 48 1000
UCB 15 49 753
UCB 15 50 612
UCB 15 51 1000
UCB 15 52 1000
UCB 15 53 218
UCB 15 54 474
UCB 15 55 502
UCB 15 56 246
UCB 15 57 510
UCB 15 58 393
UCB 15 59 703
UCB 15 60 1000
UCB 15 61 753
UCB 15 62 691
UCB 15 63 111
UCB 15 64 178
UCB 15 65 1000
UCB 15 66 638
UCB 15 67 684
UCB 15 68 200
UCB 15 69 398
UCB 15 70 1000
UCB 15 71 669
UCB 15 72 417
UCB 15 73 822
UCB 15 74 214
UCB 15 75 555
UCB 15 76 1000
UCB 15 77 407
UCB 15 78 750
UCB 15 79 445
UCB 15 80 1000
UCB 15 81 1000
UCB 15 82 1000
UCB 15 83 1000
UCB 15 84 1000
UCB 15 85 1000
UCB 15 86 1000
UCB 15 87 1000
UCB 15 88 875
UCB 15 89 473
UCB 15 90 773
UCB 15 91 673
UCB 15 92 449
UCB 15 93 386
UCB 15 94 415
UCB 15 95 759
UCB 15 96 583
UCB 15 97 899
UCB 15 98 1000
UCB 15 99 1000
CBIR 16 0 1000
CBIR 16 1 1000
CBIR 16 2 1000
CBIR 16 3 1000
CBIR 16 4 1000
CBIR 16 5 1000
CBIR 16 6 1000
CBIR 16 7 1000
CBIR 16 8 1000
CBIR 16 9 1000
CBIR 16 10 1000
CBIR 16 11 1000
CBIR 16 12 1000
CBIR 16 13 1000
CBIR 16 14 1000
CBIR 16 15 1000
CBIR 16 16 1000
CBIR 16 17 1000
CBIR 16 18 1000
CBIR 16 19 1000
CBIR 16 20 1000
CBIR 16 21 1000
CBIR 16 22 1000
CBIR 16 23 1000
CBIR 16 24 1000
CBIR 16 25 1000
CBIR 16 26 1000
CBIR 16 27 1000
CBIR 16 28 1000
CBIR 16 29 1000
CBIR 16 30 1000
CBIR 16 31 1000
CBIR 16 32 1000
CBIR 16 33 1000
CBIR 16 34 1000
CBIR 16 35 1000
CBIR 16 36 1000
CBIR 16 37 1000
CBIR 16 38 1000
CBIR 16 39 1000
CBIR 16 40 1000
CBIR 16 41 1000
CBIR 16 42 1000
CBIR 16 43 1000
CBIR 16 44 1000
CBIR 16 45 1000
CBIR 16 46 1000
CBIR 16 47 1000
CBIR 16 48 1000
CBIR 16 49 1000
CBIR 16 50 1000
CBIR 16 51 1000
CBIR 16 52 1000
CBIR 16 53 1000
CBIR 16 54 1000
CBIR 16 55 1000
CBIR 16 56 1000
CBIR 16 57 1000
CBIR 16 58 1000
CBIR 16 59 1000
CBIR 16 60 1000
CBIR 16 61 1000
CBIR 16 62 1000
CBIR 16 63 1000
CBIR 16 64 1000
CBIR 16 65 1000
CBIR 16 66 1000
CBIR 16 67 1000
CBIR 16 68 1000
CBIR 16 69 1000
CBIR 16 70 1000
CBIR 16 71 1000
CBIR 16 72 1000
CBIR 16 73 1000
CBIR 16 74 1000
CBIR 16 75 1000
CBIR 16 76 1000
CBIR 16 77 1000
CBIR 16 78 1000
CBIR 16 79 1000
CBIR 16 80 1000
CBIR 16 81 1000
CBIR 16 82 1000
CBIR 16 83 1000
CBIR 16 84 1000
CBIR 16 85 1000
CBIR 16 86 1000
CBIR 16 87 1000
CBIR 16 88 1000
CBIR 16 89 280
CBIR 16 90 452
CBIR 16 91 179
CBIR 16 92 219
CBIR 16 93 386
CBIR 16 94 579
CBIR 16 95 143
CBIR 16 96 168
CBIR 16 97 195
CBIR 16 98 590
CBIR 16 99 200
UCB 16 0 1000
UCB 16 1 1000
UCB 16 2 1000
UCB 16 3 1000
UCB 16 4 743
UCB 16 5 1000
UCB 16 6 747
UCB 16 7 189
UCB 16 8 396
UCB 16 9 363
UCB 16 10 464
UCB 16 11 510
UCB 16 12 399
UCB 16 13 111
UCB 16 14 483
UCB 16 15 104
UCB 16 16 427
UCB 16 17 356
UCB 16 18 726
UCB 16 19 207
UCB 16 20 370
UCB 16 21 638
UCB 16 22 336
UCB 16 23 132
UCB 16 24 229
UCB 16 25 254
UCB 16 26 101
UCB 16 27 520
UCB 16 28 186
UCB 16 29 134
UCB 16 30 100
UCB 16 31 425
UCB 16 32 153
UCB 16 33 318
UCB 16 34 216
UCB 16 35 171
UCB 16 36 68
UCB 16 37 310
UCB 16 38 591
UCB 16 39 314
UCB 16 40 275
UCB 16 41 179
UCB 16 42 99
UCB 16 43 319
UCB 16 44 80
UCB 16 45 404
UCB 16 46 404
UCB 16 47 243
UCB 16 48 305
UCB 16 49 571
UCB 16 50 385
UCB 16 51 338
UCB 16 52 664
UCB 16 53 831
UCB 16 54 469
UCB 16 55 581
UCB 16 56 141
UCB 16 57 272
UCB 16 58 418
UCB 16 59 396
UCB 16 60 481
UCB 16 61 373
UCB 16 62 177
UCB 16 63 122
UCB 16 64 124
UCB 16 65 224
UCB 16 66 279
UCB 16 67 419
UCB 16 68 129
UCB 16 69 425
UCB 16 70 280
UCB 16 71 994
UCB 16 72 1000
UCB 16 73 558
UCB 16 74 1000
UCB 16 75 917
UCB 16 76 707
UCB 16 77 278
UCB 16 78 178
UCB 16 79 199
UCB 16 80 523
UCB 16 81 1000
UCB 16 82 475
UCB 16 83 298
UCB 16 84 213
UCB 16 85 99
UCB 16 86 298
UCB 16 87 791
UCB 16 88 1000
UCB 16 89 275
UCB 16 90 935
UCB 16 91 401
UCB 16 92 297
UCB 16 93 282
UCB 16 94 642
UCB 16 95 401
UCB 16 96 354
UCB 16 97 224
UCB 16 98 376
UCB 16 99 1000
CBIR 17 0 1000
CBIR 17 1 1000
CBIR 17 2 1000
CBIR 17 3 1000
CBIR 17 4 1000
CBIR 17 5 1000
CBIR 17 6 1000
CBIR 17 7 1000
CBIR 17 8 1000
CBIR 17 9 1000
CBIR 17 10 1000
CBIR 17 11 1000
CBIR 17 12 1000
CBIR 17 13 1000
CBIR 17 14 1000
CBIR 17 15 1000
CBIR 17 16 1000
CBIR 17 17 318
CBIR 17 18 768
CBIR 17 19 517
CBIR 17 20 395
CBIR 17 21 384
CBIR 17 22 226
CBIR 17 23 169
CBIR 17 24 218
CBIR 17 25 264
CBIR 17 26 303
CBIR 17 27 280
CBIR 17 28 149
CBIR 17 29 224
CBIR 17 30 667
CBIR 17 31 281
CBIR 17 32 522
CBIR 17 33 699
CBIR 17 34 818
CBIR 17 35 305
CBIR 17 36 219
CBIR 17 37 355
CBIR 17 38 699
CBIR 17 39 198
CBIR 17 40 380
CBIR 17 41 221
CBIR 17 42 729
CBIR 17 43 570
CBIR 17 44 501
CBIR 17 45 464
CBIR 17 46 268
CBIR 17 47 761
CBIR 17 48 397
CBIR 17 49 411
CBIR 17 50 96
CBIR 17 51 405
CBIR 17 52 187
CBIR 17 53 398
CBIR 17 54 194
CBIR 17 55 139
CBIR 17 56 278
CBIR 17 57 185
CBIR 17 58 198
CBIR 17 59 362
CBIR 17 60 236
CBIR 17 61 196
CBIR 17 62 378
CBIR 17 63 348
CBIR 17 64 375
CBIR 17 65 298
CBIR 17 66 299
CBIR 17 67 1000
CBIR 17 68 924
CBIR 17 69 370
CBIR 17 70 963
CBIR 17 71 738
CBIR 17 72 539
CBIR 17 73 445
CBIR 17 74 567
CBIR 17 75 349
CBIR 17 76 98
CBIR 17 77 997
CBIR 17 78 300
CBIR 17 79 301
CBIR 17 80 1000
CBIR 17 81 1000
CBIR 17 82 1000
CBIR 17 83 1000
CBIR 17 84 1000
CBIR 17 85 896
CBIR 17 86 306
CBIR 17 87 1000
CBIR 17 88 1000
CBIR 17 89 394
CBIR 17 90 184
CBIR 17 91 238
CBIR 17 92 606
CBIR 17 93 873
CBIR 17 94 519
CBIR 17 95 656
CBIR 17 96 653
CBIR 17 97 108
CBIR 17 98 399
CBIR 17 99 165
UCB 17 0 928
UCB 17 1 886
UCB 17 2 388
UCB 17 3 100
UCB 17 4 55
UCB 17 5 346
UCB 17 6 542
UCB 17 7 142
UCB 17 8 28
UCB 17 9 303
UCB 17 10 473
UCB 17 11 401
UCB 17 12 190
UCB 17 13 58
UCB 17 14 620
UCB 17 15 382
UCB 17 16 60
UCB 17 17 209
UCB 17 18 106
UCB 17 19 72
UCB 17 20 331
UCB 17 21 460
UCB 17 22 430
UCB 17 23 104
UCB 17 24 134
UCB 17 25 87
UCB 17 26 162
UCB 17 27 147
UCB 17 28 231
UCB 17 29 108
UCB 17 30 217
UCB 17 31 114
UCB 17 32 257
UCB 17 33 178
UCB 17 34 136
UCB 17 35 103
UCB 17 36 234
UCB 17 37 345
UCB 17 38 104
UCB 17 39 209
UCB 17 40 121
UCB 17 41 300
UCB 17 42 70
UCB 17 43 229
UCB 17 44 301
UCB 17 45 257
UCB 17 46 84
UCB 17 47 344
UCB 17 48 107
UCB 17 49 458
UCB 17 50 344
UCB 17 51 265
UCB 17 52 391
UCB 17 53 264
UCB 17 54 284
UCB 17 55 781
UCB 17 56 475
UCB 17 57 788
UCB 17 58 400
UCB 17 59 773
UCB 17 60 412
UCB 17 61 618
UCB 17 62 393
UCB 17 63 317
UCB 17 64 448
UCB 17 65 84
UCB 17 66 341
UCB 17 67 244
UCB 17 68 322
UCB 17 69 407
UCB 17 70 150
UCB 17 71 512
UCB 17 72 379
UCB 17 73 1000
UCB 17 74 1000
UCB 17 75 187
UCB 17 76 1000
UCB 17 77 396
UCB 17 78 551
UCB 17 79 138
UCB 17 80 416
UCB 17 81 399
UCB 17 82 598
UCB 17 83 489
UCB 17 84 215
UCB 17 85 287
UCB 17 86 699
UCB 17 87 717
UCB 17 88 241
UCB 17 89 739
UCB 17 90 598
UCB 17 91 504
UCB 17 92 1000
UCB 17 93 1000
UCB 17 94 1000
UCB 17 95 1000
UCB 17 96 1000
UCB 17 97 1000
UCB 17 98 1000
UCB 17 99 1000
CBIR 18 0 1000
CBIR 18 1 1000
CBIR 18 2 1000
CBIR 18 3 1000
CBIR 18 4 1000
CBIR 18 5 1000
CBIR 18 6 1000
CBIR 18 7 1000
CBIR 18 8 1000
CBIR 18 9 1000
CBIR 18 10 1000
CBIR 18 11 1000
CBIR 18 12 1000
CBIR 18 13 1000
CBIR 18 14 1000
CBIR 18 15 1000
CBIR 18 16 1000
CBIR 18 17 1000
CBIR 18 18 1000
CBIR 18 19 1000
CBIR 18 20 1000
CBIR 18 21 1000
CBIR 18 22 1000
CBIR 18 23 1000
CBIR 18 24 1000
CBIR 18 25 1000
CBIR 18 26 1000
CBIR 18 27 1000
CBIR 18 28 1000
CBIR 18 29 1000
CBIR 18 30 709
CBIR 18 31 1000
CBIR 18 32 483
CBIR 18 33 153
CBIR 18 34 190
CBIR 18 35 78
CBIR 18 36 350
CBIR 18 37 431
CBIR 18 38 242
CBIR 18 39 279
CBIR 18 40 577
CBIR 18 41 612
CBIR 18 42 355
CBIR 18 43 535
CBIR 18 44 796
CBIR 18 45 1000
CBIR 18 46 294
CBIR 18 47 841
CBIR 18 48 538
CBIR 18 49 424
CBIR 18 50 1000
CBIR 18 51 821
CBIR 18 52 288
CBIR 18 53 285
CBIR 18 54 907
CBIR 18 55 193
CBIR 18 56 400
CBIR 18 57 495
CBIR 18 58 424
CBIR 18 59 374
CBIR 18 60 901
CBIR 18 61 384
CBIR 18 62 795
CBIR 18 63 223
CBIR 18 64 792
CBIR 18 65 308
CBIR 18 66 690
CBIR 18 67 311
CBIR 18 68 303
CBIR 18 69 290
CBIR 18 70 493
CBIR 18 71 645
CBIR 18 72 69
CBIR 18 73 222
CBIR 18 74 259
CBIR 18 75 402
CBIR 18 76 452
CBIR 18 77 277
CBIR 18 78 968
CBIR 18 79 496
CBIR 18 80 299
CBIR 18 81 102
CBIR 18 82 187
CBIR 18 83 409
CBIR 18 84 599
CBIR 18 85 457
CBIR 18 86 133
CBIR 18 87 328
CBIR 18 88 742
CBIR 18 89 271
CBIR 18 90 402
CBIR 18 91 648
CBIR 18 92 710
CBIR 18 93 599
CBIR 18 94 299
CBIR 18 95 801
CBIR 18 96 718
CBIR 18 97 203
CBIR 18 98 292
CBIR 18 99 583
UCB 18 0 1000
UCB 18 1 1000
UCB 18 2 1000
UCB 18 3 209
UCB 18 4 506
UCB 18 5 329
UCB 18 6 472
UCB 18 7 284
UCB 18 8 190
UCB 18 9 91
UCB 18 10 52
UCB 18 11 66
UCB 18 12 301
UCB 18 13 123
UCB 18 14 236
UCB 18 15 237
UCB 18 16 360
UCB 18 17 157
UCB 18 18 212
UCB 18 19 263
UCB 18 20 82
UCB 18 21 196
UCB 18 22 417
UCB 18 23 140
UCB 18 24 173
UCB 18 25 202
UCB 18 26 282
UCB 18 27 124
UCB 18 28 214
UCB 18 29 305
UCB 18 30 171
UCB 18 31 281
UCB 18 32 439
UCB 18 33 158
UCB 18 34 122
UCB 18 35 199
UCB 18 36 679
UCB 18 37 194
UCB 18 38 199
UCB 18 39 536
UCB 18 40 424
UCB 18 41 369
UCB 18 42 378
UCB 18 43 208
UCB 18 44 89
UCB 18 45 203
UCB 18 46 581
UCB 18 47 417
UCB 18 48 424
UCB 18 49 448
UCB 18 50 233
UCB 18 51 296
UCB 18 52 312
UCB 18 53 50
UCB 18 54 663
UCB 18 55 568
UCB 18 56 200
UCB 18 57 585
UCB 18 58 309
UCB 18 59 205
UCB 18 60 211
UCB 18 61 182
UCB 18 62 286
UCB 18 63 111
UCB 18 64 288
UCB 18 65 312
UCB 18 66 272
UCB 18 67 312
UCB 18 68 158
UCB 18 69 462
UCB 18 70 378
UCB 18 71 1000
UCB 18 72 243
UCB 18 73 169
UCB 18 74 689
UCB 18 75 158
UCB 18 76 186
UCB 18 77 132
UCB 18 78 324
UCB 18 79 389
UCB 18 80 600
UCB 18 81 262
UCB 18 82 290
UCB 18 83 689
UCB 18 84 392
UCB 18 85 1000
UCB 18 86 362
UCB 18 87 799
UCB 18 88 511
UCB 18 89 550
UCB 18 90 536
UCB 18 91 623
UCB 18 92 194
UCB 18 93 351
UCB 18 94 1000
UCB 18 95 213
UCB 18 96 177
UCB 18 97 915
UCB 18 98 1000
UCB 18 99 1000
CBIR 19 0 1000
CBIR 19 1 1000
CBIR 19 2 1000
CBIR 19 3 1000
CBIR 19 4 1000
CBIR 19 5 1000
CBIR 19 6 1000
CBIR 19 7 1000
CBIR 19 8 1000
CBIR 19 9 1000
CBIR 19 10 1000
CBIR 19 11 1000
CBIR 19 12 1000
CBIR 19 13 1000
CBIR 19 14 1000
CBIR 19 15 1000
CBIR 19 16 1000
CBIR 19 17 1000
CBIR 19 18 1000
CBIR 19 19 1000
CBIR 19 20 1000
CBIR 19 21 1000
CBIR 19 22 1000
CBIR 19 23 1000
CBIR 19 24 1000
CBIR 19 25 1000
CBIR 19 26 1000
CBIR 19 27 1000
CBIR 19 28 1000
CBIR 19 29 1000
CBIR 19 30 1000
CBIR 19 31 1000
CBIR 19 32 1000
CBIR 19 33 1000
CBIR 19 34 1000
CBIR 19 35 1000
CBIR 19 36 1000
CBIR 19 37 1000
CBIR 19 38 1000
CBIR 19 39 1000
CBIR 19 40 1000
CBIR 19 41 1000
CBIR 19 42 1000
CBIR 19 43 1000
CBIR 19 44 1000
CBIR 19 45 1000
CBIR 19 46 1000
CBIR 19 47 1000
CBIR 19 48 1000
CBIR 19 49 791
CBIR 19 50 1000
CBIR 19 51 513
CBIR 19 52 295
CBIR 19 53 1000
CBIR 19 54 864
CBIR 19 55 634
CBIR 19 56 331
CBIR 19 57 786
CBIR 19 58 503
CBIR 19 59 690
CBIR 19 60 987
CBIR 19 61 165
CBIR 19 62 154
CBIR 19 63 244
CBIR 19 64 260
CBIR 19 65 535
CBIR 19 66 242
CBIR 19 67 171
CBIR 19 68 321
CBIR 19 69 399
CBIR 19 70 287
CBIR 19 71 211
CBIR 19 72 271
CBIR 19 73 750
CBIR 19 74 376
CBIR 19 75 180
CBIR 19 76 130
CBIR 19 77 809
CBIR 19 78 474
CBIR 19 79 1000
CBIR 19 80 593
CBIR 19 81 264
CBIR 19 82 740
CBIR 19 83 309
CBIR 19 84 192
CBIR 19 85 696
CBIR 19 86 375
CBIR 19 87 246
CBIR 19 88 407
CBIR 19 89 918
CBIR 19 90 314
CBIR 19 91 1000
CBIR 19 92 1000
CBIR 19 93 171
CBIR 19 94 564
CBIR 19 95 701
CBIR 19 96 622
CBIR 19 97 1000
CBIR 19 98 1000
CBIR 19 99 696
UCB 19 0 1000
UCB 19 1 1000
UCB 19 2 1000
UCB 19 3 1000
UCB 19 4 1000
UCB 19 5 1000
UCB 19 6 1000
UCB 19 7 1000
UCB 19 8 1000
UCB 19 9 222
UCB 19 10 483
UCB 19 11 200
UCB 19 12 51
UCB 19 13 276
UCB 19 14 266
UCB 19 15 512
UCB 19 16 283
UCB 19 17 303
UCB 19 18 88
UCB 19 19 228
UCB 19 20 198
UCB 19 21 939
UCB 19 22 334
UCB 19 23 513
UCB 19 24 469
UCB 19 25 267
UCB 19 26 973
UCB 19 27 278
UCB 19 28 306
UCB 19 29 236
UCB 19 30 159
UCB 19 31 395
UCB 19 32 547
UCB 19 33 96
UCB 19 34 273
UCB 19 35 73
UCB 19 36 326
UCB 19 37 239
UCB 19 38 133
UCB 19 39 316
UCB 19 40 66
UCB 19 41 469
UCB 19 42 392
UCB 19 43 378
UCB 19 44 181
UCB 19 45 302
UCB 19 46 456
UCB 19 47 751
UCB 19 48 184
UCB 19 49 115
UCB 19 50 475
UCB 19 51 111
UCB 19 52 229
UCB 19 53 224
UCB 19 54 185
UCB 19 55 955
UCB 19 56 709
UCB 19 57 419
UCB 19 58 568
UCB 19 59 141
UCB 19 60 257
UCB 19 61 318
UCB 19 62 156
UCB 19 63 558
UCB 19 64 629
UCB 19 65 164
UCB 19 66 700
UCB 19 67 339
UCB 19 68 544
UCB 19 69 1000
UCB 19 70 452
UCB 19 71 363
UCB 19 72 492
UCB 19 73 330
UCB 19 74 422
UCB 19 75 650
UCB 19 76 248
UCB 19 77 514
UCB 19 78 994
UCB 19 79 416
UCB 19 80 917
UCB 19 81 436
UCB 19 82 1000
UCB 19 83 1000
UCB 19 84 838
UCB 19 85 287
UCB 19 86 314
UCB 19 87 1000
UCB 19 88 1000
UCB 19 89 768
UCB 19 90 690
UCB 19 91 1000
UCB 19 92 1000
UCB 19 93 1000
UCB 19 94 486
UCB 19 95 248
UCB 19 96 756
UCB 19 97 1000
UCB 19 98 443
UCB 19 99 460
