CBIR 0 0 1000
CBIR 0 1 1000
CBIR 0 2 1000
CBIR 0 3 1000
CBIR 0 4 1000
CBIR 0 5 1000
CBIR 0 6 1000
CBIR 0 7 1000
CBIR 0 8 1000
CBIR 0 9 1000
CBIR 0 10 1000
CBIR 0 11 1000
CBIR 0 12 405
CBIR 0 13 1000
CBIR 0 14 141
CBIR 0 15 1000
CBIR 0 16 176
CBIR 0 17 1000
CBIR 0 18 1000
CBIR 0 19 371
CBIR 0 20 289
CBIR 0 21 308
CBIR 0 22 304
CBIR 0 23 509
CBIR 0 24 494
CBIR 0 25 862
CBIR 0 26 161
CBIR 0 27 1000
CBIR 0 28 1000
CBIR 0 29 1000
CBIR 0 30 648
CBIR 0 31 1000
CBIR 0 32 1000
CBIR 0 33 1000
CBIR 0 34 1000
CBIR 0 35 1000
CBIR 0 36 341
CBIR 0 37 130
CBIR 0 38 424
CBIR 0 39 924
CBIR 0 40 1000
CBIR 0 41 1000
CBIR 0 42 1000
CBIR 0 43 1000
CBIR 0 44 1000
CBIR 0 45 1000
CBIR 0 46 812
CBIR 0 47 504
CBIR 0 48 1000
CBIR 0 49 1000
CBIR 0 50 1000
CBIR 0 51 1000
CBIR 0 52 1000
CBIR 0 53 1000
CBIR 0 54 1000
CBIR 0 55 1000
CBIR 0 56 1000
CBIR 0 57 1000
CBIR 0 58 1000
CBIR 0 59 1000
CBIR 0 60 1000
CBIR 0 61 1000
CBIR 0 62 1000
CBIR 0 63 566
CBIR 0 64 1000
CBIR 0 65 32
CBIR 0 66 579
CBIR 0 67 1000
CBIR 0 68 1000
CBIR 0 69 1000
CBIR 0 70 657
CBIR 0 71 1000
CBIR 0 72 887
CBIR 0 73 858
CBIR 0 74 719
CBIR 0 75 901
CBIR 0 76 495
CBIR 0 77 1000
CBIR 0 78 396
CBIR 0 79 1000
CBIR 0 80 1000
CBIR 0 81 235
CBIR 0 82 536
CBIR 0 83 912
CBIR 0 84 1000
CBIR 0 85 208
CBIR 0 86 690
CBIR 0 87 1000
CBIR 0 88 1000
CBIR 0 89 1000
CBIR 0 90 1000
CBIR 0 91 1000
CBIR 0 92 1000
CBIR 0 93 1000
CBIR 0 94 1000
CBIR 0 95 935
CBIR 0 96 1000
CBIR 0 97 1000
CBIR 0 98 1000
CBIR 0 99 522
UCB 0 0 1000
UCB 0 1 1000
UCB 0 2 1000
UCB 0 3 1000
UCB 0 4 1000
UCB 0 5 1000
UCB 0 6 1000
UCB 0 7 1000
UCB 0 8 1000
UCB 0 9 851
UCB 0 10 286
UCB 0 11 578
UCB 0 12 1000
UCB 0 13 285
UCB 0 14 197
UCB 0 15 1000
UCB 0 16 1000
UCB 0 17 315
UCB 0 18 1000
UCB 0 19 502
UCB 0 20 218
UCB 0 21 189
UCB 0 22 1000
UCB 0 23 1000
UCB 0 24 1000
UCB 0 25 1000
UCB 0 26 1000
UCB 0 27 1000
UCB 0 28 1000
UCB 0 29 1000
UCB 0 30 712
UCB 0 31 1000
UCB 0 32 1000
UCB 0 33 937
UCB 0 34 329
UCB 0 35 1000
UCB 0 36 1000
UCB 0 37 1000
UCB 0 38 1000
UCB 0 39 621
UCB 0 40 1000
UCB 0 41 647
UCB 0 42 1000
UCB 0 43 585
UCB 0 44 811
UCB 0 45 954
UCB 0 46 747
UCB 0 47 300
UCB 0 48 1000
UCB 0 49 517
UCB 0 50 295
UCB 0 51 1000
UCB 0 52 1000
UCB 0 53 616
UCB 0 54 1000
UCB 0 55 1000
UCB 0 56 1000
UCB 0 57 1000
UCB 0 58 1000
UCB 0 59 1000
UCB 0 60 1000
UCB 0 61 1000
UCB 0 62 1000
UCB 0 63 647
UCB 0 64 1000
UCB 0 65 1000
UCB 0 66 716
UCB 0 67 1000
UCB 0 68 852
UCB 0 69 1000
UCB 0 70 1000
UCB 0 71 1000
UCB 0 72 1000
UCB 0 73 1000
UCB 0 74 1000
UCB 0 75 1000
UCB 0 76 1000
UCB 0 77 1000
UCB 0 78 1000
UCB 0 79 1000
UCB 0 80 1000
UCB 0 81 1000
UCB 0 82 1000
UCB 0 83 188
UCB 0 84 372
UCB 0 85 1000
UCB 0 86 1000
UCB 0 87 452
UCB 0 88 360
UCB 0 89 1000
UCB 0 90 487
UCB 0 91 600
UCB 0 92 815
UCB 0 93 237
UCB 0 94 145
UCB 0 95 1000
UCB 0 96 178
UCB 0 97 1000
UCB 0 98 1000
UCB 0 99 802
CBIR 1 0 1000
CBIR 1 1 1000
CBIR 1 2 1000
CBIR 1 3 1000
CBIR 1 4 1000
CBIR 1 5 1000
CBIR 1 6 1000
CBIR 1 7 1000
CBIR 1 8 640
CBIR 1 9 422
CBIR 1 10 954
CBIR 1 11 983
CBIR 1 12 1000
CBIR 1 13 296
CBIR 1 14 1000
CBIR 1 15 43
CBIR 1 16 1000
CBIR 1 17 1000
CBIR 1 18 1000
CBIR 1 19 1000
CBIR 1 20 605
CBIR 1 21 911
CBIR 1 22 1000
CBIR 1 23 58
CBIR 1 24 148
CBIR 1 25 1000
CBIR 1 26 210
CBIR 1 27 1000
CBIR 1 28 1000
CBIR 1 29 503
CBIR 1 30 1000
CBIR 1 31 787
CBIR 1 32 1000
CBIR 1 33 1000
CBIR 1 34 1000
CBIR 1 35 1000
CBIR 1 36 1000
CBIR 1 37 1000
CBIR 1 38 1000
CBIR 1 39 1000
CBIR 1 40 1000
CBIR 1 41 1000
CBIR 1 42 1000
CBIR 1 43 1000
CBIR 1 44 1000
CBIR 1 45 1000
CBIR 1 46 1000
CBIR 1 47 1000
CBIR 1 48 1000
CBIR 1 49 1000
CBIR 1 50 1000
CBIR 1 51 1000
CBIR 1 52 1000
CBIR 1 53 1000
CBIR 1 54 1000
CBIR 1 55 1000
CBIR 1 56 1000
CBIR 1 57 1000
CBIR 1 58 1000
CBIR 1 59 1000
CBIR 1 60 1000
CBIR 1 61 1000
CBIR 1 62 1000
CBIR 1 63 958
CBIR 1 64 1000
CBIR 1 65 1000
CBIR 1 66 1000
CBIR 1 67 1000
CBIR 1 68 1000
CBIR 1 69 138
CBIR 1 70 1000
CBIR 1 71 1000
CBIR 1 72 1000
CBIR 1 73 1000
CBIR 1 74 1000
CBIR 1 75 1000
CBIR 1 76 1000
CBIR 1 77 1000
CBIR 1 78 1000
CBIR 1 79 1000
CBIR 1 80 762
CBIR 1 81 1000
CBIR 1 82 1000
CBIR 1 83 1000
CBIR 1 84 1000
CBIR 1 85 483
CBIR 1 86 1000
CBIR 1 87 1000
CBIR 1 88 1000
CBIR 1 89 1000
CBIR 1 90 1000
CBIR 1 91 420
CBIR 1 92 916
CBIR 1 93 161
CBIR 1 94 82
CBIR 1 95 436
CBIR 1 96 625
CBIR 1 97 432
CBIR 1 98 680
CBIR 1 99 343
UCB 1 0 1000
UCB 1 1 1000
UCB 1 2 682
UCB 1 3 210
UCB 1 4 64
UCB 1 5 1000
UCB 1 6 1000
UCB 1 7 565
UCB 1 8 517
UCB 1 9 1000
UCB 1 10 1000
UCB 1 11 113
UCB 1 12 884
UCB 1 13 483
UCB 1 14 1000
UCB 1 15 246
UCB 1 16 90
UCB 1 17 658
UCB 1 18 1000
UCB 1 19 616
UCB 1 20 1000
UCB 1 21 1000
UCB 1 22 637
UCB 1 23 73
UCB 1 24 1000
UCB 1 25 1000
UCB 1 26 869
UCB 1 27 1000
UCB 1 28 807
UCB 1 29 1000
UCB 1 30 1000
UCB 1 31 1000
UCB 1 32 1000
UCB 1 33 1000
UCB 1 34 1000
UCB 1 35 1000
UCB 1 36 835
UCB 1 37 610
UCB 1 38 1000
UCB 1 39 687
UCB 1 40 1000
UCB 1 41 1000
UCB 1 42 1000
UCB 1 43 1000
UCB 1 44 1000
UCB 1 45 534
UCB 1 46 529
UCB 1 47 128
UCB 1 48 155
UCB 1 49 1000
UCB 1 50 1000
UCB 1 51 1000
UCB 1 52 1000
UCB 1 53 1000
UCB 1 54 1000
UCB 1 55 1000
UCB 1 56 1000
UCB 1 57 1000
UCB 1 58 1000
UCB 1 59 1000
UCB 1 60 1000
UCB 1 61 1000
UCB 1 62 1000
UCB 1 63 1000
UCB 1 64 1000
UCB 1 65 1000
UCB 1 66 1000
UCB 1 67 1000
UCB 1 68 1000
UCB 1 69 1000
UCB 1 70 1000
UCB 1 71 1000
UCB 1 72 1000
UCB 1 73 1000
UCB 1 74 1000
UCB 1 75 1000
UCB 1 76 1000
UCB 1 77 1000
UCB 1 78 1000
UCB 1 79 1000
UCB 1 80 1000
UCB 1 81 1000
UCB 1 82 1000
UCB 1 83 1000
UCB 1 84 1000
UCB 1 85 1000
UCB 1 86 1000
UCB 1 87 1000
UCB 1 88 1000
UCB 1 89 1000
UCB 1 90 1000
UCB 1 91 1000
UCB 1 92 1000
UCB 1 93 534
UCB 1 94 1000
UCB 1 95 756
UCB 1 96 685
UCB 1 97 698
UCB 1 98 1000
UCB 1 99 813
CBIR 2 0 1000
CBIR 2 1 1000
CBIR 2 2 1000
CBIR 2 3 1000
CBIR 2 4 1000
CBIR 2 5 1000
CBIR 2 6 1000
CBIR 2 7 1000
CBIR 2 8 1000
CBIR 2 9 1000
CBIR 2 10 1000
CBIR 2 11 1000
CBIR 2 12 1000
CBIR 2 13 1000
CBIR 2 14 1000
CBIR 2 15 1000
CBIR 2 16 1000
CBIR 2 17 1000
CBIR 2 18 1000
CBIR 2 19 1000
CBIR 2 20 1000
CBIR 2 21 1000
CBIR 2 22 1000
CBIR 2 23 1000
CBIR 2 24 1000
CBIR 2 25 1000
CBIR 2 26 1000
CBIR 2 27 1000
CBIR 2 28 1000
CBIR 2 29 1000
CBIR 2 30 1000
CBIR 2 31 1000
CBIR 2 32 1000
CBIR 2 33 1000
CBIR 2 34 1000
CBIR 2 35 1000
CBIR 2 36 1000
CBIR 2 37 1000
CBIR 2 38 1000
CBIR 2 39 1000
CBIR 2 40 1000
CBIR 2 41 1000
CBIR 2 42 1000
CBIR 2 43 1000
CBIR 2 44 1000
CBIR 2 45 1000
CBIR 2 46 1000
CBIR 2 47 1000
CBIR 2 48 1000
CBIR 2 49 600
CBIR 2 50 1000
CBIR 2 51 1000
CBIR 2 52 1000
CBIR 2 53 959
CBIR 2 54 1000
CBIR 2 55 1000
CBIR 2 56 1000
CBIR 2 57 1000
CBIR 2 58 1000
CBIR 2 59 1000
CBIR 2 60 1000
CBIR 2 61 867
CBIR 2 62 398
CBIR 2 63 1000
CBIR 2 64 1000
CBIR 2 65 780
CBIR 2 66 153
CBIR 2 67 375
CBIR 2 68 486
CBIR 2 69 1000
CBIR 2 70 586
CBIR 2 71 789
CBIR 2 72 1000
CBIR 2 73 1000
CBIR 2 74 1000
CBIR 2 75 1000
CBIR 2 76 1000
CBIR 2 77 1000
CBIR 2 78 1000
CBIR 2 79 1000
CBIR 2 80 1000
CBIR 2 81 1000
CBIR 2 82 1000
CBIR 2 83 647
CBIR 2 84 214
CBIR 2 85 1000
CBIR 2 86 1000
CBIR 2 87 1000
CBIR 2 88 1000
CBIR 2 89 1000
CBIR 2 90 1000
CBIR 2 91 1000
CBIR 2 92 1000
CBIR 2 93 1000
CBIR 2 94 1000
CBIR 2 95 1000
CBIR 2 96 1000
CBIR 2 97 1000
CBIR 2 98 1000
CBIR 2 99 1000
UCB 2 0 1000
UCB 2 1 1000
UCB 2 2 1000
UCB 2 3 1000
UCB 2 4 207
UCB 2 5 813
UCB 2 6 892
UCB 2 7 101
UCB 2 8 811
UCB 2 9 277
UCB 2 10 482
UCB 2 11 66
UCB 2 12 1000
UCB 2 13 38
UCB 2 14 370
UCB 2 15 914
UCB 2 16 524
UCB 2 17 290
UCB 2 18 69
UCB 2 19 103
UCB 2 20 545
UCB 2 21 1000
UCB 2 22 318
UCB 2 23 1000
UCB 2 24 1000
UCB 2 25 1000
UCB 2 26 1000
UCB 2 27 1000
UCB 2 28 1000
UCB 2 29 1000
UCB 2 30 1000
UCB 2 31 1000
UCB 2 32 809
UCB 2 33 1000
UCB 2 34 999
UCB 2 35 576
UCB 2 36 783
UCB 2 37 194
UCB 2 38 1000
UCB 2 39 1000
UCB 2 40 1000
UCB 2 41 1000
UCB 2 42 1000
UCB 2 43 1000
UCB 2 44 1000
UCB 2 45 1000
UCB 2 46 1000
UCB 2 47 1000
UCB 2 48 1000
UCB 2 49 1000
UCB 2 50 1000
UCB 2 51 1000
UCB 2 52 1000
UCB 2 53 1000
UCB 2 54 1000
UCB 2 55 1000
UCB 2 56 1000
UCB 2 57 1000
UCB 2 58 1000
UCB 2 59 1000
UCB 2 60 1000
UCB 2 61 1000
UCB 2 62 1000
UCB 2 63 1000
UCB 2 64 1000
UCB 2 65 1000
UCB 2 66 1000
UCB 2 67 1000
UCB 2 68 1000
UCB 2 69 1000
UCB 2 70 1000
UCB 2 71 1000
UCB 2 72 1000
UCB 2 73 1000
UCB 2 74 1000
UCB 2 75 1000
UCB 2 76 1000
UCB 2 77 1000
UCB 2 78 1000
UCB 2 79 1000
UCB 2 80 1000
UCB 2 81 1000
UCB 2 82 1000
UCB 2 83 1000
UCB 2 84 1000
UCB 2 85 1000
UCB 2 86 1000
UCB 2 87 1000
UCB 2 88 1000
UCB 2 89 1000
UCB 2 90 1000
UCB 2 91 1000
UCB 2 92 1000
UCB 2 93 1000
UCB 2 94 1000
UCB 2 95 1000
UCB 2 96 1000
UCB 2 97 1000
UCB 2 98 1000
UCB 2 99 1000
CBIR 3 0 1000
CBIR 3 1 1000
CBIR 3 2 1000
CBIR 3 3 1000
CBIR 3 4 1000
CBIR 3 5 1000
CBIR 3 6 1000
CBIR 3 7 1000
CBIR 3 8 1000
CBIR 3 9 1000
CBIR 3 10 1000
CBIR 3 11 1000
CBIR 3 12 1000
CBIR 3 13 1000
CBIR 3 14 1000
CBIR 3 15 1000
CBIR 3 16 1000
CBIR 3 17 1000
CBIR 3 18 1000
CBIR 3 19 1000
CBIR 3 20 1000
CBIR 3 21 258
CBIR 3 22 1000
CBIR 3 23 917
CBIR 3 24 975
CBIR 3 25 1000
CBIR 3 26 1000
CBIR 3 27 863
CBIR 3 28 406
CBIR 3 29 114
CBIR 3 30 494
CBIR 3 31 1000
CBIR 3 32 442
CBIR 3 33 557
CBIR 3 34 1000
CBIR 3 35 1000
CBIR 3 36 1000
CBIR 3 37 481
CBIR 3 38 1000
CBIR 3 39 1000
CBIR 3 40 1000
CBIR 3 41 1000
CBIR 3 42 1000
CBIR 3 43 1000
CBIR 3 44 1000
CBIR 3 45 1000
CBIR 3 46 1000
CBIR 3 47 1000
CBIR 3 48 1000
CBIR 3 49 1000
CBIR 3 50 1000
CBIR 3 51 1000
CBIR 3 52 1000
CBIR 3 53 1000
CBIR 3 54 1000
CBIR 3 55 1000
CBIR 3 56 1000
CBIR 3 57 1000
CBIR 3 58 1000
CBIR 3 59 1000
CBIR 3 60 1000
CBIR 3 61 1000
CBIR 3 62 1000
CBIR 3 63 1000
CBIR 3 64 1000
CBIR 3 65 1000
CBIR 3 66 1000
CBIR 3 67 1000
CBIR 3 68 1000
CBIR 3 69 1000
CBIR 3 70 1000
CBIR 3 71 1000
CBIR 3 72 1000
CBIR 3 73 1000
CBIR 3 74 1000
CBIR 3 75 1000
CBIR 3 76 1000
CBIR 3 77 1000
CBIR 3 78 1000
CBIR 3 79 1000
CBIR 3 80 1000
CBIR 3 81 1000
CBIR 3 82 1000
CBIR 3 83 1000
CBIR 3 84 1000
CBIR 3 85 1000
CBIR 3 86 1000
CBIR 3 87 1000
CBIR 3 88 1000
CBIR 3 89 1000
CBIR 3 90 1000
CBIR 3 91 1000
CBIR 3 92 1000
CBIR 3 93 1000
CBIR 3 94 1000
CBIR 3 95 1000
CBIR 3 96 1000
CBIR 3 97 1000
CBIR 3 98 1000
CBIR 3 99 1000
UCB 3 0 1000
UCB 3 1 58
UCB 3 2 1000
UCB 3 3 1000
UCB 3 4 752
UCB 3 5 1000
UCB 3 6 503
UCB 3 7 1000
UCB 3 8 702
UCB 3 9 990
UCB 3 10 728
UCB 3 11 385
UCB 3 12 187
UCB 3 13 62
UCB 3 14 51
UCB 3 15 681
UCB 3 16 174
UCB 3 17 233
UCB 3 18 1000
UCB 3 19 855
UCB 3 20 44
UCB 3 21 284
UCB 3 22 1000
UCB 3 23 1000
UCB 3 24 59
UCB 3 25 929
UCB 3 26 1000
UCB 3 27 294
UCB 3 28 1000
UCB 3 29 1000
UCB 3 30 1000
UCB 3 31 748
UCB 3 32 1000
UCB 3 33 1000
UCB 3 34 1000
UCB 3 35 1000
UCB 3 36 1000
UCB 3 37 1000
UCB 3 38 164
UCB 3 39 614
UCB 3 40 1000
UCB 3 41 987
UCB 3 42 1000
UCB 3 43 1000
UCB 3 44 1000
UCB 3 45 1000
UCB 3 46 1000
UCB 3 47 1000
UCB 3 48 1000
UCB 3 49 942
UCB 3 50 1000
UCB 3 51 1000
UCB 3 52 1000
UCB 3 53 1000
UCB 3 54 1000
UCB 3 55 1000
UCB 3 56 1000
UCB 3 57 1000
UCB 3 58 551
UCB 3 59 868
UCB 3 60 693
UCB 3 61 917
UCB 3 62 1000
UCB 3 63 379
UCB 3 64 1000
UCB 3 65 1000
UCB 3 66 1000
UCB 3 67 168
UCB 3 68 1000
UCB 3 69 1000
UCB 3 70 1000
UCB 3 71 1000
UCB 3 72 1000
UCB 3 73 1000
UCB 3 74 1000
UCB 3 75 946
UCB 3 76 1000
UCB 3 77 1000
UCB 3 78 1000
UCB 3 79 1000
UCB 3 80 1000
UCB 3 81 1000
UCB 3 82 222
UCB 3 83 1000
UCB 3 84 1000
UCB 3 85 1000
UCB 3 86 1000
UCB 3 87 1000
UCB 3 88 1000
UCB 3 89 1000
UCB 3 90 804
UCB 3 91 1000
UCB 3 92 1000
UCB 3 93 1000
UCB 3 94 1000
UCB 3 95 1000
UCB 3 96 703
UCB 3 97 555
UCB 3 98 805
UCB 3 99 665
CBIR 4 0 1000
CBIR 4 1 1000
CBIR 4 2 1000
CBIR 4 3 1000
CBIR 4 4 1000
CBIR 4 5 1000
CBIR 4 6 1000
CBIR 4 7 1000
CBIR 4 8 1000
CBIR 4 9 1000
CBIR 4 10 1000
CBIR 4 11 1000
CBIR 4 12 1000
CBIR 4 13 1000
CBIR 4 14 1000
CBIR 4 15 1000
CBIR 4 16 1000
CBIR 4 17 1000
CBIR 4 18 1000
CBIR 4 19 1000
CBIR 4 20 1000
CBIR 4 21 1000
CBIR 4 22 1000
CBIR 4 23 1000
CBIR 4 24 1000
CBIR 4 25 1000
CBIR 4 26 1000
CBIR 4 27 1000
CBIR 4 28 1000
CBIR 4 29 1000
CBIR 4 30 1000
CBIR 4 31 1000
CBIR 4 32 1000
CBIR 4 33 1000
CBIR 4 34 1000
CBIR 4 35 1000
CBIR 4 36 1000
CBIR 4 37 1000
CBIR 4 38 646
CBIR 4 39 459
CBIR 4 40 1000
CBIR 4 41 424
CBIR 4 42 529
CBIR 4 43 1000
CBIR 4 44 552
CBIR 4 45 1000
CBIR 4 46 1000
CBIR 4 47 1000
CBIR 4 48 190
CBIR 4 49 1000
CBIR 4 50 588
CBIR 4 51 140
CBIR 4 52 983
CBIR 4 53 1000
CBIR 4 54 1000
CBIR 4 55 1000
CBIR 4 56 1000
CBIR 4 57 634
CBIR 4 58 968
CBIR 4 59 387
CBIR 4 60 1000
CBIR 4 61 527
CBIR 4 62 1000
CBIR 4 63 1000
CBIR 4 64 1000
CBIR 4 65 1000
CBIR 4 66 447
CBIR 4 67 821
CBIR 4 68 1000
CBIR 4 69 1000
CBIR 4 70 1000
CBIR 4 71 746
CBIR 4 72 1000
CBIR 4 73 1000
CBIR 4 74 1000
CBIR 4 75 455
CBIR 4 76 1000
CBIR 4 77 1000
CBIR 4 78 1000
CBIR 4 79 1000
CBIR 4 80 1000
CBIR 4 81 1000
CBIR 4 82 1000
CBIR 4 83 1000
CBIR 4 84 1000
CBIR 4 85 1000
CBIR 4 86 1000
CBIR 4 87 1000
CBIR 4 88 1000
CBIR 4 89 1000
CBIR 4 90 1000
CBIR 4 91 1000
CBIR 4 92 1000
CBIR 4 93 1000
CBIR 4 94 1000
CBIR 4 95 1000
CBIR 4 96 1000
CBIR 4 97 1000
CBIR 4 98 1000
CBIR 4 99 1000
UCB 4 0 1000
UCB 4 1 463
UCB 4 2 99
UCB 4 3 677
UCB 4 4 325
UCB 4 5 1000
UCB 4 6 1000
UCB 4 7 1000
UCB 4 8 379
UCB 4 9 528
UCB 4 10 1000
UCB 4 11 1000
UCB 4 12 721
UCB 4 13 1000
UCB 4 14 1000
UCB 4 15 844
UCB 4 16 509
UCB 4 17 1000
UCB 4 18 906
UCB 4 19 612
UCB 4 20 1000
UCB 4 21 1000
UCB 4 22 978
UCB 4 23 1000
UCB 4 24 1000
UCB 4 25 1000
UCB 4 26 1000
UCB 4 27 1000
UCB 4 28 1000
UCB 4 29 1000
UCB 4 30 1000
UCB 4 31 1000
UCB 4 32 1000
UCB 4 33 1000
UCB 4 34 449
UCB 4 35 1000
UCB 4 36 1000
UCB 4 37 1000
UCB 4 38 1000
UCB 4 39 1000
UCB 4 40 1000
UCB 4 41 1000
UCB 4 42 1000
UCB 4 43 1000
UCB 4 44 1000
UCB 4 45 1000
UCB 4 46 1000
UCB 4 47 1000
UCB 4 48 1000
UCB 4 49 1000
UCB 4 50 583
UCB 4 51 1000
UCB 4 52 1000
UCB 4 53 1000
UCB 4 54 1000
UCB 4 55 1000
UCB 4 56 429
UCB 4 57 1000
UCB 4 58 1000
UCB 4 59 750
UCB 4 60 1000
UCB 4 61 1000
UCB 4 62 1000
UCB 4 63 1000
UCB 4 64 1000
UCB 4 65 1000
UCB 4 66 1000
UCB 4 67 376
UCB 4 68 1000
UCB 4 69 502
UCB 4 70 1000
UCB 4 71 1000
UCB 4 72 689
UCB 4 73 674
UCB 4 74 1000
UCB 4 75 1000
UCB 4 76 1000
UCB 4 77 1000
UCB 4 78 1000
UCB 4 79 1000
UCB 4 80 1000
UCB 4 81 1000
UCB 4 82 1000
UCB 4 83 1000
UCB 4 84 1000
UCB 4 85 1000
UCB 4 86 1000
UCB 4 87 1000
UCB 4 88 1000
UCB 4 89 1000
UCB 4 90 1000
UCB 4 91 1000
UCB 4 92 1000
UCB 4 93 1000
UCB 4 94 1000
UCB 4 95 1000
UCB 4 96 1000
UCB 4 97 1000
UCB 4 98 1000
UCB 4 99 1000
CBIR 5 0 1000
CBIR 5 1 1000
CBIR 5 2 1000
CBIR 5 3 1000
CBIR 5 4 1000
CBIR 5 5 933
CBIR 5 6 137
CBIR 5 7 1000
CBIR 5 8 1000
CBIR 5 9 1000
CBIR 5 10 699
CBIR 5 11 804
CBIR 5 12 497
CBIR 5 13 857
CBIR 5 14 1000
CBIR 5 15 1000
CBIR 5 16 535
CBIR 5 17 352
CBIR 5 18 129
CBIR 5 19 1000
CBIR 5 20 1000
CBIR 5 21 1000
CBIR 5 22 1000
CBIR 5 23 1000
CBIR 5 24 1000
CBIR 5 25 1000
CBIR 5 26 1000
CBIR 5 27 1000
CBIR 5 28 1000
CBIR 5 29 1000
CBIR 5 30 1000
CBIR 5 31 1000
CBIR 5 32 1000
CBIR 5 33 1000
CBIR 5 34 1000
CBIR 5 35 1000
CBIR 5 36 1000
CBIR 5 37 1000
CBIR 5 38 1000
CBIR 5 39 1000
CBIR 5 40 1000
CBIR 5 41 1000
CBIR 5 42 1000
CBIR 5 43 1000
CBIR 5 44 1000
CBIR 5 45 1000
CBIR 5 46 1000
CBIR 5 47 1000
CBIR 5 48 1000
CBIR 5 49 1000
CBIR 5 50 1000
CBIR 5 51 1000
CBIR 5 52 1000
CBIR 5 53 1000
CBIR 5 54 1000
CBIR 5 55 1000
CBIR 5 56 1000
CBIR 5 57 1000
CBIR 5 58 1000
CBIR 5 59 1000
CBIR 5 60 1000
CBIR 5 61 1000
CBIR 5 62 1000
CBIR 5 63 1000
CBIR 5 64 1000
CBIR 5 65 1000
CBIR 5 66 1000
CBIR 5 67 1000
CBIR 5 68 1000
CBIR 5 69 1000
CBIR 5 70 1000
CBIR 5 71 1000
CBIR 5 72 1000
CBIR 5 73 1000
CBIR 5 74 1000
CBIR 5 75 1000
CBIR 5 76 1000
CBIR 5 77 1000
CBIR 5 78 1000
CBIR 5 79 1000
CBIR 5 80 1000
CBIR 5 81 1000
CBIR 5 82 1000
CBIR 5 83 1000
CBIR 5 84 1000
CBIR 5 85 1000
CBIR 5 86 1000
CBIR 5 87 1000
CBIR 5 88 1000
CBIR 5 89 1000
CBIR 5 90 1000
CBIR 5 91 1000
CBIR 5 92 1000
CBIR 5 93 1000
CBIR 5 94 1000
CBIR 5 95 1000
CBIR 5 96 1000
CBIR 5 97 1000
CBIR 5 98 1000
CBIR 5 99 1000
UCB 5 0 1000
UCB 5 1 1000
UCB 5 2 149
UCB 5 3 62
UCB 5 4 188
UCB 5 5 24
UCB 5 6 1000
UCB 5 7 531
UCB 5 8 124
UCB 5 9 454
UCB 5 10 298
UCB 5 11 670
UCB 5 12 683
UCB 5 13 1000
UCB 5 14 1000
UCB 5 15 429
UCB 5 16 235
UCB 5 17 948
UCB 5 18 252
UCB 5 19 128
UCB 5 20 333
UCB 5 21 462
UCB 5 22 560
UCB 5 23 1000
UCB 5 24 534
UCB 5 25 1000
UCB 5 26 585
UCB 5 27 1000
UCB 5 28 833
UCB 5 29 1000
UCB 5 30 1000
UCB 5 31 1000
UCB 5 32 1000
UCB 5 33 1000
UCB 5 34 1000
UCB 5 35 1000
UCB 5 36 1000
UCB 5 37 1000
UCB 5 38 1000
UCB 5 39 1000
UCB 5 40 1000
UCB 5 41 1000
UCB 5 42 1000
UCB 5 43 1000
UCB 5 44 1000
UCB 5 45 1000
UCB 5 46 1000
UCB 5 47 1000
UCB 5 48 1000
UCB 5 49 1000
UCB 5 50 1000
UCB 5 51 1000
UCB 5 52 1000
UCB 5 53 1000
UCB 5 54 1000
UCB 5 55 1000
UCB 5 56 1000
UCB 5 57 803
UCB 5 58 751
UCB 5 59 1000
UCB 5 60 1000
UCB 5 61 1000
UCB 5 62 1000
UCB 5 63 1000
UCB 5 64 1000
UCB 5 65 1000
UCB 5 66 1000
UCB 5 67 1000
UCB 5 68 1000
UCB 5 69 966
UCB 5 70 1000
UCB 5 71 1000
UCB 5 72 1000
UCB 5 73 515
UCB 5 74 459
UCB 5 75 1000
UCB 5 76 1000
UCB 5 77 1000
UCB 5 78 1000
UCB 5 79 1000
UCB 5 80 1000
UCB 5 81 1000
UCB 5 82 1000
UCB 5 83 881
UCB 5 84 663
UCB 5 85 953
UCB 5 86 500
UCB 5 87 1000
UCB 5 88 556
UCB 5 89 1000
UCB 5 90 1000
UCB 5 91 1000
UCB 5 92 1000
UCB 5 93 1000
UCB 5 94 1000
UCB 5 95 1000
UCB 5 96 1000
UCB 5 97 1000
UCB 5 98 1000
UCB 5 99 1000
CBIR 6 0 1000
CBIR 6 1 1000
CBIR 6 2 1000
CBIR 6 3 367
CBIR 6 4 786
CBIR 6 5 1000
CBIR 6 6 418
CBIR 6 7 412
CBIR 6 8 676
CBIR 6 9 367
CBIR 6 10 1000
CBIR 6 11 306
CBIR 6 12 1000
CBIR 6 13 823
CBIR 6 14 1000
CBIR 6 15 1000
CBIR 6 16 922
CBIR 6 17 1000
CBIR 6 18 1000
CBIR 6 19 917
CBIR 6 20 1000
CBIR 6 21 1000
CBIR 6 22 827
CBIR 6 23 789
CBIR 6 24 1000
CBIR 6 25 1000
CBIR 6 26 1000
CBIR 6 27 56
CBIR 6 28 1000
CBIR 6 29 823
CBIR 6 30 1000
CBIR 6 31 1000
CBIR 6 32 1000
CBIR 6 33 1000
CBIR 6 34 532
CBIR 6 35 1000
CBIR 6 36 1000
CBIR 6 37 1000
CBIR 6 38 965
CBIR 6 39 1000
CBIR 6 40 1000
CBIR 6 41 1000
CBIR 6 42 1000
CBIR 6 43 1000
CBIR 6 44 1000
CBIR 6 45 1000
CBIR 6 46 1000
CBIR 6 47 1000
CBIR 6 48 1000
CBIR 6 49 1000
CBIR 6 50 1000
CBIR 6 51 1000
CBIR 6 52 1000
CBIR 6 53 251
CBIR 6 54 1000
CBIR 6 55 912
CBIR 6 56 164
CBIR 6 57 353
CBIR 6 58 196
CBIR 6 59 622
CBIR 6 60 1000
CBIR 6 61 1000
CBIR 6 62 1000
CBIR 6 63 1000
CBIR 6 64 1000
CBIR 6 65 1000
CBIR 6 66 983
CBIR 6 67 202
CBIR 6 68 899
CBIR 6 69 1000
CBIR 6 70 1000
CBIR 6 71 1000
CBIR 6 72 1000
CBIR 6 73 1000
CBIR 6 74 1000
CBIR 6 75 1000
CBIR 6 76 1000
CBIR 6 77 1000
CBIR 6 78 1000
CBIR 6 79 1000
CBIR 6 80 1000
CBIR 6 81 1000
CBIR 6 82 1000
CBIR 6 83 1000
CBIR 6 84 1000
CBIR 6 85 1000
CBIR 6 86 1000
CBIR 6 87 1000
CBIR 6 88 1000
CBIR 6 89 1000
CBIR 6 90 1000
CBIR 6 91 1000
CBIR 6 92 1000
CBIR 6 93 1000
CBIR 6 94 1000
CBIR 6 95 1000
CBIR 6 96 1000
CBIR 6 97 1000
CBIR 6 98 1000
CBIR 6 99 1000
UCB 6 0 1000
UCB 6 1 873
UCB 6 2 79
UCB 6 3 626
UCB 6 4 28
UCB 6 5 251
UCB 6 6 80
UCB 6 7 171
UCB 6 8 901
UCB 6 9 913
UCB 6 10 1000
UCB 6 11 580
UCB 6 12 544
UCB 6 13 1000
UCB 6 14 521
UCB 6 15 1000
UCB 6 16 1000
UCB 6 17 1000
UCB 6 18 1000
UCB 6 19 1000
UCB 6 20 1000
UCB 6 21 1000
UCB 6 22 1000
UCB 6 23 1000
UCB 6 24 1000
UCB 6 25 1000
UCB 6 26 1000
UCB 6 27 1000
UCB 6 28 1000
UCB 6 29 1000
UCB 6 30 1000
UCB 6 31 1000
UCB 6 32 325
UCB 6 33 1000
UCB 6 34 1000
UCB 6 35 1000
UCB 6 36 92
UCB 6 37 1000
UCB 6 38 1000
UCB 6 39 1000
UCB 6 40 502
UCB 6 41 254
UCB 6 42 231
UCB 6 43 1000
UCB 6 44 1000
UCB 6 45 1000
UCB 6 46 1000
UCB 6 47 1000
UCB 6 48 1000
UCB 6 49 1000
UCB 6 50 1000
UCB 6 51 519
UCB 6 52 1000
UCB 6 53 1000
UCB 6 54 1000
UCB 6 55 1000
UCB 6 56 1000
UCB 6 57 1000
UCB 6 58 1000
UCB 6 59 1000
UCB 6 60 639
UCB 6 61 1000
UCB 6 62 1000
UCB 6 63 1000
UCB 6 64 384
UCB 6 65 1000
UCB 6 66 1000
UCB 6 67 1000
UCB 6 68 1000
UCB 6 69 1000
UCB 6 70 1000
UCB 6 71 1000
UCB 6 72 1000
UCB 6 73 1000
UCB 6 74 1000
UCB 6 75 1000
UCB 6 76 1000
UCB 6 77 1000
UCB 6 78 1000
UCB 6 79 1000
UCB 6 80 1000
UCB 6 81 1000
UCB 6 82 1000
UCB 6 83 1000
UCB 6 84 1000
UCB 6 85 1000
UCB 6 86 1000
UCB 6 87 1000
UCB 6 88 1000
UCB 6 89 971
UCB 6 90 1000
UCB 6 91 1000
UCB 6 92 1000
UCB 6 93 1000
UCB 6 94 1000
UCB 6 95 1000
UCB 6 96 1000
UCB 6 97 1000
UCB 6 98 1000
UCB 6 99 1000
CBIR 7 0 1000
CBIR 7 1 1000
CBIR 7 2 1000
CBIR 7 3 1000
CBIR 7 4 1000
CBIR 7 5 1000
CBIR 7 6 1000
CBIR 7 7 1000
CBIR 7 8 1000
CBIR 7 9 1000
CBIR 7 10 1000
CBIR 7 11 1000
CBIR 7 12 1000
CBIR 7 13 1000
CBIR 7 14 1000
CBIR 7 15 1000
CBIR 7 16 1000
CBIR 7 17 1000
CBIR 7 18 1000
CBIR 7 19 1000
CBIR 7 20 1000
CBIR 7 21 1000
CBIR 7 22 1000
CBIR 7 23 1000
CBIR 7 24 1000
CBIR 7 25 1000
CBIR 7 26 1000
CBIR 7 27 1000
CBIR 7 28 1000
CBIR 7 29 1000
CBIR 7 30 1000
CBIR 7 31 1000
CBIR 7 32 1000
CBIR 7 33 1000
CBIR 7 34 1000
CBIR 7 35 1000
CBIR 7 36 1000
CBIR 7 37 1000
CBIR 7 38 1000
CBIR 7 39 1000
CBIR 7 40 1000
CBIR 7 41 1000
CBIR 7 42 1000
CBIR 7 43 1000
CBIR 7 44 1000
CBIR 7 45 1000
CBIR 7 46 1000
CBIR 7 47 1000
CBIR 7 48 1000
CBIR 7 49 1000
CBIR 7 50 1000
CBIR 7 51 1000
CBIR 7 52 1000
CBIR 7 53 1000
CBIR 7 54 1000
CBIR 7 55 1000
CBIR 7 56 1000
CBIR 7 57 1000
CBIR 7 58 1000
CBIR 7 59 1000
CBIR 7 60 1000
CBIR 7 61 1000
CBIR 7 62 1000
CBIR 7 63 1000
CBIR 7 64 1000
CBIR 7 65 1000
CBIR 7 66 1000
CBIR 7 67 1000
CBIR 7 68 1000
CBIR 7 69 400
CBIR 7 70 1000
CBIR 7 71 385
CBIR 7 72 284
CBIR 7 73 1000
CBIR 7 74 1000
CBIR 7 75 1000
CBIR 7 76 813
CBIR 7 77 1000
CBIR 7 78 1000
CBIR 7 79 610
CBIR 7 80 771
CBIR 7 81 1000
CBIR 7 82 1000
CBIR 7 83 742
CBIR 7 84 61
CBIR 7 85 1000
CBIR 7 86 1000
CBIR 7 87 1000
CBIR 7 88 1000
CBIR 7 89 954
CBIR 7 90 514
CBIR 7 91 1000
CBIR 7 92 932
CBIR 7 93 201
CBIR 7 94 879
CBIR 7 95 1000
CBIR 7 96 717
CBIR 7 97 502
CBIR 7 98 1000
CBIR 7 99 1000
UCB 7 0 1000
UCB 7 1 1000
UCB 7 2 135
UCB 7 3 126
UCB 7 4 687
UCB 7 5 445
UCB 7 6 123
UCB 7 7 76
UCB 7 8 933
UCB 7 9 511
UCB 7 10 1000
UCB 7 11 975
UCB 7 12 550
UCB 7 13 136
UCB 7 14 616
UCB 7 15 233
UCB 7 16 112
UCB 7 17 835
UCB 7 18 350
UCB 7 19 733
UCB 7 20 306
UCB 7 21 1000
UCB 7 22 302
UCB 7 23 1000
UCB 7 24 382
UCB 7 25 112
UCB 7 26 335
UCB 7 27 114
UCB 7 28 1000
UCB 7 29 354
UCB 7 30 996
UCB 7 31 1000
UCB 7 32 1000
UCB 7 33 1000
UCB 7 34 1000
UCB 7 35 1000
UCB 7 36 1000
UCB 7 37 1000
UCB 7 38 1000
UCB 7 39 1000
UCB 7 40 865
UCB 7 41 1000
UCB 7 42 1000
UCB 7 43 1000
UCB 7 44 1000
UCB 7 45 1000
UCB 7 46 1000
UCB 7 47 1000
UCB 7 48 1000
UCB 7 49 1000
UCB 7 50 1000
UCB 7 51 1000
UCB 7 52 1000
UCB 7 53 1000
UCB 7 54 1000
UCB 7 55 1000
UCB 7 56 1000
UCB 7 57 1000
UCB 7 58 1000
UCB 7 59 1000
UCB 7 60 1000
UCB 7 61 1000
UCB 7 62 1000
UCB 7 63 1000
UCB 7 64 1000
UCB 7 65 1000
UCB 7 66 1000
UCB 7 67 1000
UCB 7 68 1000
UCB 7 69 1000
UCB 7 70 1000
UCB 7 71 1000
UCB 7 72 1000
UCB 7 73 1000
UCB 7 74 1000
UCB 7 75 1000
UCB 7 76 1000
UCB 7 77 1000
UCB 7 78 1000
UCB 7 79 449
UCB 7 80 516
UCB 7 81 693
UCB 7 82 587
UCB 7 83 1000
UCB 7 84 1000
UCB 7 85 161
UCB 7 86 1000
UCB 7 87 1000
UCB 7 88 941
UCB 7 89 779
UCB 7 90 1000
UCB 7 91 1000
UCB 7 92 535
UCB 7 93 1000
UCB 7 94 1000
UCB 7 95 497
UCB 7 96 1000
UCB 7 97 540
UCB 7 98 1000
UCB 7 99 1000
CBIR 8 0 1000
CBIR 8 1 1000
CBIR 8 2 1000
CBIR 8 3 1000
CBIR 8 4 1000
CBIR 8 5 1000
CBIR 8 6 1000
CBIR 8 7 1000
CBIR 8 8 1000
CBIR 8 9 1000
CBIR 8 10 1000
CBIR 8 11 1000
CBIR 8 12 1000
CBIR 8 13 1000
CBIR 8 14 1000
CBIR 8 15 1000
CBIR 8 16 1000
CBIR 8 17 1000
CBIR 8 18 1000
CBIR 8 19 1000
CBIR 8 20 1000
CBIR 8 21 1000
CBIR 8 22 1000
CBIR 8 23 1000
CBIR 8 24 1000
CBIR 8 25 1000
CBIR 8 26 1000
CBIR 8 27 1000
CBIR 8 28 1000
CBIR 8 29 1000
CBIR 8 30 1000
CBIR 8 31 1000
CBIR 8 32 1000
CBIR 8 33 1000
CBIR 8 34 1000
CBIR 8 35 1000
CBIR 8 36 1000
CBIR 8 37 1000
CBIR 8 38 1000
CBIR 8 39 1000
CBIR 8 40 1000
CBIR 8 41 1000
CBIR 8 42 1000
CBIR 8 43 1000
CBIR 8 44 1000
CBIR 8 45 1000
CBIR 8 46 1000
CBIR 8 47 995
CBIR 8 48 1000
CBIR 8 49 954
CBIR 8 50 1000
CBIR 8 51 1000
CBIR 8 52 628
CBIR 8 53 425
CBIR 8 54 236
CBIR 8 55 281
CBIR 8 56 1000
CBIR 8 57 856
CBIR 8 58 1000
CBIR 8 59 1000
CBIR 8 60 777
CBIR 8 61 1000
CBIR 8 62 1000
CBIR 8 63 1000
CBIR 8 64 1000
CBIR 8 65 1000
CBIR 8 66 1000
CBIR 8 67 1000
CBIR 8 68 1000
CBIR 8 69 1000
CBIR 8 70 1000
CBIR 8 71 1000
CBIR 8 72 1000
CBIR 8 73 1000
CBIR 8 74 1000
CBIR 8 75 1000
CBIR 8 76 1000
CBIR 8 77 1000
CBIR 8 78 1000
CBIR 8 79 1000
CBIR 8 80 1000
CBIR 8 81 1000
CBIR 8 82 1000
CBIR 8 83 1000
CBIR 8 84 1000
CBIR 8 85 1000
CBIR 8 86 1000
CBIR 8 87 1000
CBIR 8 88 1000
CBIR 8 89 1000
CBIR 8 90 1000
CBIR 8 91 1000
CBIR 8 92 1000
CBIR 8 93 1000
CBIR 8 94 1000
CBIR 8 95 1000
CBIR 8 96 1000
CBIR 8 97 1000
CBIR 8 98 1000
CBIR 8 99 1000
UCB 8 0 1000
UCB 8 1 1000
UCB 8 2 1000
UCB 8 3 1000
UCB 8 4 1000
UCB 8 5 1000
UCB 8 6 1000
UCB 8 7 1000
UCB 8 8 1000
UCB 8 9 1000
UCB 8 10 1000
UCB 8 11 1000
UCB 8 12 1000
UCB 8 13 1000
UCB 8 14 1000
UCB 8 15 1000
UCB 8 16 1000
UCB 8 17 1000
UCB 8 18 1000
UCB 8 19 1000
UCB 8 20 1000
UCB 8 21 1000
UCB 8 22 1000
UCB 8 23 1000
UCB 8 24 1000
UCB 8 25 1000
UCB 8 26 1000
UCB 8 27 1000
UCB 8 28 1000
UCB 8 29 1000
UCB 8 30 1000
UCB 8 31 1000
UCB 8 32 296
UCB 8 33 347
UCB 8 34 902
UCB 8 35 1000
UCB 8 36 1000
UCB 8 37 1000
UCB 8 38 1000
UCB 8 39 1000
UCB 8 40 1000
UCB 8 41 1000
UCB 8 42 1000
UCB 8 43 1000
UCB 8 44 1000
UCB 8 45 1000
UCB 8 46 1000
UCB 8 47 1000
UCB 8 48 1000
UCB 8 49 1000
UCB 8 50 562
UCB 8 51 569
UCB 8 52 699
UCB 8 53 1000
UCB 8 54 1000
UCB 8 55 1000
UCB 8 56 1000
UCB 8 57 1000
UCB 8 58 1000
UCB 8 59 656
UCB 8 60 1000
UCB 8 61 1000
UCB 8 62 420
UCB 8 63 1000
UCB 8 64 1000
UCB 8 65 1000
UCB 8 66 1000
UCB 8 67 1000
UCB 8 68 1000
UCB 8 69 1000
UCB 8 70 1000
UCB 8 71 1000
UCB 8 72 1000
UCB 8 73 361
UCB 8 74 172
UCB 8 75 1000
UCB 8 76 344
UCB 8 77 286
UCB 8 78 81
UCB 8 79 800
UCB 8 80 1000
UCB 8 81 1000
UCB 8 82 1000
UCB 8 83 1000
UCB 8 84 1000
UCB 8 85 674
UCB 8 86 1000
UCB 8 87 412
UCB 8 88 1000
UCB 8 89 1000
UCB 8 90 508
UCB 8 91 1000
UCB 8 92 1000
UCB 8 93 1000
UCB 8 94 395
UCB 8 95 1000
UCB 8 96 1000
UCB 8 97 1000
UCB 8 98 1000
UCB 8 99 1000
CBIR 9 0 1000
CBIR 9 1 1000
CBIR 9 2 1000
CBIR 9 3 1000
CBIR 9 4 1000
CBIR 9 5 1000
CBIR 9 6 1000
CBIR 9 7 1000
CBIR 9 8 1000
CBIR 9 9 1000
CBIR 9 10 1000
CBIR 9 11 1000
CBIR 9 12 1000
CBIR 9 13 1000
CBIR 9 14 1000
CBIR 9 15 1000
CBIR 9 16 1000
CBIR 9 17 1000
CBIR 9 18 604
CBIR 9 19 1000
CBIR 9 20 1000
CBIR 9 21 1000
CBIR 9 22 1000
CBIR 9 23 1000
CBIR 9 24 1000
CBIR 9 25 927
CBIR 9 26 1000
CBIR 9 27 1000
CBIR 9 28 1000
CBIR 9 29 1000
CBIR 9 30 297
CBIR 9 31 1000
CBIR 9 32 1000
CBIR 9 33 1000
CBIR 9 34 1000
CBIR 9 35 1000
CBIR 9 36 194
CBIR 9 37 579
CBIR 9 38 642
CBIR 9 39 773
CBIR 9 40 527
CBIR 9 41 1000
CBIR 9 42 1000
CBIR 9 43 1000
CBIR 9 44 1000
CBIR 9 45 1000
CBIR 9 46 1000
CBIR 9 47 1000
CBIR 9 48 1000
CBIR 9 49 718
CBIR 9 50 380
CBIR 9 51 1000
CBIR 9 52 1000
CBIR 9 53 1000
CBIR 9 54 1000
CBIR 9 55 1000
CBIR 9 56 1000
CBIR 9 57 1000
CBIR 9 58 1000
CBIR 9 59 1000
CBIR 9 60 1000
CBIR 9 61 1000
CBIR 9 62 1000
CBIR 9 63 363
CBIR 9 64 981
CBIR 9 65 1000
CBIR 9 66 1000
CBIR 9 67 504
CBIR 9 68 69
CBIR 9 69 1000
CBIR 9 70 1000
CBIR 9 71 1000
CBIR 9 72 1000
CBIR 9 73 1000
CBIR 9 74 1000
CBIR 9 75 818
CBIR 9 76 905
CBIR 9 77 770
CBIR 9 78 529
CBIR 9 79 661
CBIR 9 80 587
CBIR 9 81 1000
CBIR 9 82 698
CBIR 9 83 566
CBIR 9 84 895
CBIR 9 85 994
CBIR 9 86 995
CBIR 9 87 1000
CBIR 9 88 1000
CBIR 9 89 1000
CBIR 9 90 1000
CBIR 9 91 1000
CBIR 9 92 1000
CBIR 9 93 1000
CBIR 9 94 1000
CBIR 9 95 592
CBIR 9 96 1000
CBIR 9 97 945
CBIR 9 98 1000
CBIR 9 99 999
UCB 9 0 1000
UCB 9 1 1000
UCB 9 2 1000
UCB 9 3 1000
UCB 9 4 95
UCB 9 5 1000
UCB 9 6 432
UCB 9 7 499
UCB 9 8 77
UCB 9 9 396
UCB 9 10 1000
UCB 9 11 1000
UCB 9 12 1000
UCB 9 13 946
UCB 9 14 1000
UCB 9 15 1000
UCB 9 16 550
UCB 9 17 67
UCB 9 18 573
UCB 9 19 251
UCB 9 20 253
UCB 9 21 88
UCB 9 22 401
UCB 9 23 287
UCB 9 24 644
UCB 9 25 943
UCB 9 26 1000
UCB 9 27 679
UCB 9 28 1000
UCB 9 29 807
UCB 9 30 577
UCB 9 31 1000
UCB 9 32 1000
UCB 9 33 488
UCB 9 34 971
UCB 9 35 486
UCB 9 36 1000
UCB 9 37 517
UCB 9 38 191
UCB 9 39 568
UCB 9 40 685
UCB 9 41 302
UCB 9 42 346
UCB 9 43 1000
UCB 9 44 1000
UCB 9 45 969
UCB 9 46 1000
UCB 9 47 1000
UCB 9 48 1000
UCB 9 49 1000
UCB 9 50 721
UCB 9 51 1000
UCB 9 52 834
UCB 9 53 864
UCB 9 54 1000
UCB 9 55 1000
UCB 9 56 984
UCB 9 57 1000
UCB 9 58 1000
UCB 9 59 1000
UCB 9 60 1000
UCB 9 61 1000
UCB 9 62 1000
UCB 9 63 1000
UCB 9 64 1000
UCB 9 65 1000
UCB 9 66 1000
UCB 9 67 1000
UCB 9 68 1000
UCB 9 69 1000
UCB 9 70 1000
UCB 9 71 1000
UCB 9 72 1000
UCB 9 73 1000
UCB 9 74 1000
UCB 9 75 1000
UCB 9 76 1000
UCB 9 77 1000
UCB 9 78 1000
UCB 9 79 1000
UCB 9 80 1000
UCB 9 81 1000
UCB 9 82 1000
UCB 9 83 1000
UCB 9 84 1000
UCB 9 85 1000
UCB 9 86 1000
UCB 9 87 1000
UCB 9 88 1000
UCB 9 89 1000
UCB 9 90 1000
UCB 9 91 1000
UCB 9 92 534
UCB 9 93 1000
UCB 9 94 1000
UCB 9 95 1000
UCB 9 96 1000
UCB 9 97 1000
UCB 9 98 1000
UCB 9 99 1000
CBIR 10 0 1000
CBIR 10 1 1000
CBIR 10 2 1000
CBIR 10 3 1000
CBIR 10 4 1000
CBIR 10 5 1000
CBIR 10 6 232
CBIR 10 7 1000
CBIR 10 8 1000
CBIR 10 9 1000
CBIR 10 10 238
CBIR 10 11 1000
CBIR 10 12 1000
CBIR 10 13 1000
CBIR 10 14 1000
CBIR 10 15 686
CBIR 10 16 1000
CBIR 10 17 689
CBIR 10 18 662
CBIR 10 19 1000
CBIR 10 20 592
CBIR 10 21 571
CBIR 10 22 1000
CBIR 10 23 826
CBIR 10 24 1000
CBIR 10 25 542
CBIR 10 26 1000
CBIR 10 27 1000
CBIR 10 28 1000
CBIR 10 29 1000
CBIR 10 30 502
CBIR 10 31 823
CBIR 10 32 590
CBIR 10 33 1000
CBIR 10 34 1000
CBIR 10 35 594
CBIR 10 36 1000
CBIR 10 37 1000
CBIR 10 38 446
CBIR 10 39 1000
CBIR 10 40 1000
CBIR 10 41 996
CBIR 10 42 1000
CBIR 10 43 1000
CBIR 10 44 621
CBIR 10 45 1000
CBIR 10 46 1000
CBIR 10 47 1000
CBIR 10 48 1000
CBIR 10 49 1000
CBIR 10 50 179
CBIR 10 51 853
CBIR 10 52 331
CBIR 10 53 557
CBIR 10 54 130
CBIR 10 55 1000
CBIR 10 56 780
CBIR 10 57 550
CBIR 10 58 1000
CBIR 10 59 605
CBIR 10 60 1000
CBIR 10 61 931
CBIR 10 62 460
CBIR 10 63 489
CBIR 10 64 1000
CBIR 10 65 1000
CBIR 10 66 1000
CBIR 10 67 1000
CBIR 10 68 1000
CBIR 10 69 1000
CBIR 10 70 1000
CBIR 10 71 1000
CBIR 10 72 1000
CBIR 10 73 1000
CBIR 10 74 147
CBIR 10 75 603
CBIR 10 76 1000
CBIR 10 77 879
CBIR 10 78 375
CBIR 10 79 1000
CBIR 10 80 1000
CBIR 10 81 1000
CBIR 10 82 1000
CBIR 10 83 1000
CBIR 10 84 1000
CBIR 10 85 1000
CBIR 10 86 1000
CBIR 10 87 661
CBIR 10 88 1000
CBIR 10 89 1000
CBIR 10 90 1000
CBIR 10 91 1000
CBIR 10 92 1000
CBIR 10 93 1000
CBIR 10 94 1000
CBIR 10 95 1000
CBIR 10 96 1000
CBIR 10 97 1000
CBIR 10 98 1000
CBIR 10 99 1000
UCB 10 0 1000
UCB 10 1 1000
UCB 10 2 224
UCB 10 3 1000
UCB 10 4 367
UCB 10 5 1000
UCB 10 6 154
UCB 10 7 63
UCB 10 8 1000
UCB 10 9 1000
UCB 10 10 127
UCB 10 11 782
UCB 10 12 867
UCB 10 13 30
UCB 10 14 972
UCB 10 15 1000
UCB 10 16 1000
UCB 10 17 1000
UCB 10 18 262
UCB 10 19 865
UCB 10 20 1000
UCB 10 21 1000
UCB 10 22 804
UCB 10 23 1000
UCB 10 24 633
UCB 10 25 1000
UCB 10 26 1000
UCB 10 27 1000
UCB 10 28 1000
UCB 10 29 1000
UCB 10 30 1000
UCB 10 31 1000
UCB 10 32 1000
UCB 10 33 1000
UCB 10 34 994
UCB 10 35 969
UCB 10 36 1000
UCB 10 37 277
UCB 10 38 600
UCB 10 39 1000
UCB 10 40 1000
UCB 10 41 1000
UCB 10 42 1000
UCB 10 43 272
UCB 10 44 1000
UCB 10 45 1000
UCB 10 46 1000
UCB 10 47 1000
UCB 10 48 221
UCB 10 49 1000
UCB 10 50 1000
UCB 10 51 1000
UCB 10 52 237
UCB 10 53 1000
UCB 10 54 1000
UCB 10 55 1000
UCB 10 56 1000
UCB 10 57 1000
UCB 10 58 1000
UCB 10 59 1000
UCB 10 60 1000
UCB 10 61 1000
UCB 10 62 1000
UCB 10 63 1000
UCB 10 64 1000
UCB 10 65 1000
UCB 10 66 1000
UCB 10 67 1000
UCB 10 68 1000
UCB 10 69 1000
UCB 10 70 1000
UCB 10 71 1000
UCB 10 72 1000
UCB 10 73 1000
UCB 10 74 1000
UCB 10 75 1000
UCB 10 76 1000
UCB 10 77 1000
UCB 10 78 1000
UCB 10 79 806
UCB 10 80 1000
UCB 10 81 1000
UCB 10 82 1000
UCB 10 83 1000
UCB 10 84 1000
UCB 10 85 1000
UCB 10 86 1000
UCB 10 87 1000
UCB 10 88 1000
UCB 10 89 1000
UCB 10 90 1000
UCB 10 91 1000
UCB 10 92 1000
UCB 10 93 1000
UCB 10 94 1000
UCB 10 95 1000
UCB 10 96 1000
UCB 10 97 1000
UCB 10 98 1000
UCB 10 99 1000
CBIR 11 0 1000
CBIR 11 1 1000
CBIR 11 2 1000
CBIR 11 3 1000
CBIR 11 4 1000
CBIR 11 5 1000
CBIR 11 6 1000
CBIR 11 7 1000
CBIR 11 8 1000
CBIR 11 9 1000
CBIR 11 10 1000
CBIR 11 11 1000
CBIR 11 12 1000
CBIR 11 13 1000
CBIR 11 14 1000
CBIR 11 15 1000
CBIR 11 16 1000
CBIR 11 17 1000
CBIR 11 18 1000
CBIR 11 19 1000
CBIR 11 20 1000
CBIR 11 21 1000
CBIR 11 22 1000
CBIR 11 23 1000
CBIR 11 24 1000
CBIR 11 25 1000
CBIR 11 26 1000
CBIR 11 27 1000
CBIR 11 28 1000
CBIR 11 29 1000
CBIR 11 30 312
CBIR 11 31 1000
CBIR 11 32 1000
CBIR 11 33 1000
CBIR 11 34 1000
CBIR 11 35 1000
CBIR 11 36 1000
CBIR 11 37 1000
CBIR 11 38 1000
CBIR 11 39 1000
CBIR 11 40 1000
CBIR 11 41 1000
CBIR 11 42 1000
CBIR 11 43 1000
CBIR 11 44 1000
CBIR 11 45 1000
CBIR 11 46 1000
CBIR 11 47 1000
CBIR 11 48 1000
CBIR 11 49 1000
CBIR 11 50 1000
CBIR 11 51 1000
CBIR 11 52 1000
CBIR 11 53 1000
CBIR 11 54 1000
CBIR 11 55 712
CBIR 11 56 1000
CBIR 11 57 484
CBIR 11 58 1000
CBIR 11 59 1000
CBIR 11 60 1000
CBIR 11 61 1000
CBIR 11 62 1000
CBIR 11 63 1000
CBIR 11 64 1000
CBIR 11 65 1000
CBIR 11 66 1000
CBIR 11 67 1000
CBIR 11 68 1000
CBIR 11 69 1000
CBIR 11 70 1000
CBIR 11 71 1000
CBIR 11 72 1000
CBIR 11 73 1000
CBIR 11 74 1000
CBIR 11 75 1000
CBIR 11 76 1000
CBIR 11 77 1000
CBIR 11 78 1000
CBIR 11 79 1000
CBIR 11 80 1000
CBIR 11 81 60
CBIR 11 82 1000
CBIR 11 83 1000
CBIR 11 84 1000
CBIR 11 85 1000
CBIR 11 86 1000
CBIR 11 87 1000
CBIR 11 88 1000
CBIR 11 89 1000
CBIR 11 90 72
CBIR 11 91 1000
CBIR 11 92 1000
CBIR 11 93 1000
CBIR 11 94 1000
CBIR 11 95 1000
CBIR 11 96 1000
CBIR 11 97 1000
CBIR 11 98 1000
CBIR 11 99 1000
UCB 11 0 1000
UCB 11 1 1000
UCB 11 2 1000
UCB 11 3 1000
UCB 11 4 1000
UCB 11 5 1000
UCB 11 6 130
UCB 11 7 865
UCB 11 8 705
UCB 11 9 302
UCB 11 10 247
UCB 11 11 37
UCB 11 12 739
UCB 11 13 515
UCB 11 14 95
UCB 11 15 1000
UCB 11 16 1000
UCB 11 17 872
UCB 11 18 539
UCB 11 19 994
UCB 11 20 1000
UCB 11 21 1000
UCB 11 22 1000
UCB 11 23 1000
UCB 11 24 1000
UCB 11 25 786
UCB 11 26 737
UCB 11 27 1000
UCB 11 28 254
UCB 11 29 1000
UCB 11 30 1000
UCB 11 31 1000
UCB 11 32 1000
UCB 11 33 1000
UCB 11 34 1000
UCB 11 35 1000
UCB 11 36 1000
UCB 11 37 1000
UCB 11 38 303
UCB 11 39 199
UCB 11 40 172
UCB 11 41 1000
UCB 11 42 436
UCB 11 43 715
UCB 11 44 1000
UCB 11 45 1000
UCB 11 46 1000
UCB 11 47 560
UCB 11 48 1000
UCB 11 49 380
UCB 11 50 937
UCB 11 51 1000
UCB 11 52 1000
UCB 11 53 1000
UCB 11 54 1000
UCB 11 55 1000
UCB 11 56 1000
UCB 11 57 1000
UCB 11 58 1000
UCB 11 59 1000
UCB 11 60 1000
UCB 11 61 1000
UCB 11 62 1000
UCB 11 63 1000
UCB 11 64 1000
UCB 11 65 1000
UCB 11 66 1000
UCB 11 67 1000
UCB 11 68 1000
UCB 11 69 1000
UCB 11 70 1000
UCB 11 71 1000
UCB 11 72 1000
UCB 11 73 1000
UCB 11 74 1000
UCB 11 75 1000
UCB 11 76 1000
UCB 11 77 1000
UCB 11 78 1000
UCB 11 79 1000
UCB 11 80 1000
UCB 11 81 1000
UCB 11 82 1000
UCB 11 83 1000
UCB 11 84 1000
UCB 11 85 596
UCB 11 86 1000
UCB 11 87 1000
UCB 11 88 1000
UCB 11 89 1000
UCB 11 90 1000
UCB 11 91 1000
UCB 11 92 1000
UCB 11 93 1000
UCB 11 94 1000
UCB 11 95 1000
UCB 11 96 1000
UCB 11 97 1000
UCB 11 98 1000
UCB 11 99 1000
CBIR 12 0 1000
CBIR 12 1 1000
CBIR 12 2 1000
CBIR 12 3 1000
CBIR 12 4 1000
CBIR 12 5 1000
CBIR 12 6 1000
CBIR 12 7 1000
CBIR 12 8 1000
CBIR 12 9 1000
CBIR 12 10 1000
CBIR 12 11 1000
CBIR 12 12 1000
CBIR 12 13 1000
CBIR 12 14 1000
CBIR 12 15 1000
CBIR 12 16 1000
CBIR 12 17 1000
CBIR 12 18 1000
CBIR 12 19 1000
CBIR 12 20 1000
CBIR 12 21 1000
CBIR 12 22 1000
CBIR 12 23 1000
CBIR 12 24 1000
CBIR 12 25 1000
CBIR 12 26 1000
CBIR 12 27 234
CBIR 12 28 1000
CBIR 12 29 166
CBIR 12 30 1000
CBIR 12 31 1000
CBIR 12 32 113
CBIR 12 33 1000
CBIR 12 34 1000
CBIR 12 35 486
CBIR 12 36 634
CBIR 12 37 403
CBIR 12 38 477
CBIR 12 39 494
CBIR 12 40 990
CBIR 12 41 1000
CBIR 12 42 1000
CBIR 12 43 234
CBIR 12 44 1000
CBIR 12 45 819
CBIR 12 46 1000
CBIR 12 47 1000
CBIR 12 48 1000
CBIR 12 49 1000
CBIR 12 50 1000
CBIR 12 51 893
CBIR 12 52 581
CBIR 12 53 1000
CBIR 12 54 1000
CBIR 12 55 968
CBIR 12 56 1000
CBIR 12 57 1000
CBIR 12 58 669
CBIR 12 59 1000
CBIR 12 60 1000
CBIR 12 61 1000
CBIR 12 62 750
CBIR 12 63 1000
CBIR 12 64 1000
CBIR 12 65 621
CBIR 12 66 1000
CBIR 12 67 614
CBIR 12 68 1000
CBIR 12 69 292
CBIR 12 70 743
CBIR 12 71 369
CBIR 12 72 1000
CBIR 12 73 313
CBIR 12 74 117
CBIR 12 75 1000
CBIR 12 76 551
CBIR 12 77 1000
CBIR 12 78 1000
CBIR 12 79 1000
CBIR 12 80 1000
CBIR 12 81 1000
CBIR 12 82 816
CBIR 12 83 153
CBIR 12 84 931
CBIR 12 85 1000
CBIR 12 86 1000
CBIR 12 87 444
CBIR 12 88 492
CBIR 12 89 558
CBIR 12 90 1000
CBIR 12 91 1000
CBIR 12 92 505
CBIR 12 93 1000
CBIR 12 94 1000
CBIR 12 95 1000
CBIR 12 96 1000
CBIR 12 97 1000
CBIR 12 98 1000
CBIR 12 99 1000
UCB 12 0 1000
UCB 12 1 1000
UCB 12 2 268
UCB 12 3 843
UCB 12 4 141
UCB 12 5 814
UCB 12 6 47
UCB 12 7 394
UCB 12 8 90
UCB 12 9 1000
UCB 12 10 285
UCB 12 11 321
UCB 12 12 70
UCB 12 13 235
UCB 12 14 109
UCB 12 15 389
UCB 12 16 471
UCB 12 17 537
UCB 12 18 473
UCB 12 19 313
UCB 12 20 1000
UCB 12 21 784
UCB 12 22 481
UCB 12 23 147
UCB 12 24 403
UCB 12 25 1000
UCB 12 26 303
UCB 12 27 1000
UCB 12 28 308
UCB 12 29 154
UCB 12 30 1000
UCB 12 31 1000
UCB 12 32 688
UCB 12 33 1000
UCB 12 34 188
UCB 12 35 1000
UCB 12 36 1000
UCB 12 37 1000
UCB 12 38 1000
UCB 12 39 1000
UCB 12 40 1000
UCB 12 41 1000
UCB 12 42 1000
UCB 12 43 1000
UCB 12 44 1000
UCB 12 45 1000
UCB 12 46 1000
UCB 12 47 1000
UCB 12 48 1000
UCB 12 49 1000
UCB 12 50 1000
UCB 12 51 1000
UCB 12 52 1000
UCB 12 53 1000
UCB 12 54 1000
UCB 12 55 1000
UCB 12 56 1000
UCB 12 57 1000
UCB 12 58 1000
UCB 12 59 1000
UCB 12 60 1000
UCB 12 61 1000
UCB 12 62 1000
UCB 12 63 1000
UCB 12 64 1000
UCB 12 65 1000
UCB 12 66 1000
UCB 12 67 1000
UCB 12 68 1000
UCB 12 69 1000
UCB 12 70 1000
UCB 12 71 1000
UCB 12 72 491
UCB 12 73 1000
UCB 12 74 1000
UCB 12 75 1000
UCB 12 76 1000
UCB 12 77 1000
UCB 12 78 1000
UCB 12 79 1000
UCB 12 80 1000
UCB 12 81 1000
UCB 12 82 1000
UCB 12 83 1000
UCB 12 84 1000
UCB 12 85 1000
UCB 12 86 1000
UCB 12 87 1000
UCB 12 88 1000
UCB 12 89 516
UCB 12 90 502
UCB 12 91 1000
UCB 12 92 483
UCB 12 93 1000
UCB 12 94 999
UCB 12 95 1000
UCB 12 96 958
UCB 12 97 1000
UCB 12 98 206
UCB 12 99 1000
CBIR 13 0 1000
CBIR 13 1 1000
CBIR 13 2 1000
CBIR 13 3 1000
CBIR 13 4 1000
CBIR 13 5 1000
CBIR 13 6 1000
CBIR 13 7 1000
CBIR 13 8 1000
CBIR 13 9 519
CBIR 13 10 1000
CBIR 13 11 1000
CBIR 13 12 1000
CBIR 13 13 1000
CBIR 13 14 1000
CBIR 13 15 1000
CBIR 13 16 1000
CBIR 13 17 1000
CBIR 13 18 1000
CBIR 13 19 1000
CBIR 13 20 1000
CBIR 13 21 1000
CBIR 13 22 1000
CBIR 13 23 1000
CBIR 13 24 1000
CBIR 13 25 1000
CBIR 13 26 1000
CBIR 13 27 1000
CBIR 13 28 1000
CBIR 13 29 1000
CBIR 13 30 1000
CBIR 13 31 1000
CBIR 13 32 1000
CBIR 13 33 1000
CBIR 13 34 1000
CBIR 13 35 1000
CBIR 13 36 1000
CBIR 13 37 1000
CBIR 13 38 1000
CBIR 13 39 1000
CBIR 13 40 1000
CBIR 13 41 1000
CBIR 13 42 1000
CBIR 13 43 1000
CBIR 13 44 1000
CBIR 13 45 1000
CBIR 13 46 1000
CBIR 13 47 924
CBIR 13 48 1000
CBIR 13 49 1000
CBIR 13 50 1000
CBIR 13 51 695
CBIR 13 52 1000
CBIR 13 53 935
CBIR 13 54 514
CBIR 13 55 204
CBIR 13 56 205
CBIR 13 57 1000
CBIR 13 58 536
CBIR 13 59 579
CBIR 13 60 1000
CBIR 13 61 168
CBIR 13 62 214
CBIR 13 63 113
CBIR 13 64 937
CBIR 13 65 1000
CBIR 13 66 713
CBIR 13 67 1000
CBIR 13 68 1000
CBIR 13 69 1000
CBIR 13 70 1000
CBIR 13 71 431
CBIR 13 72 88
CBIR 13 73 1000
CBIR 13 74 1000
CBIR 13 75 1000
CBIR 13 76 1000
CBIR 13 77 1000
CBIR 13 78 1000
CBIR 13 79 1000
CBIR 13 80 184
CBIR 13 81 1000
CBIR 13 82 1000
CBIR 13 83 1000
CBIR 13 84 598
CBIR 13 85 962
CBIR 13 86 1000
CBIR 13 87 503
CBIR 13 88 1000
CBIR 13 89 1000
CBIR 13 90 1000
CBIR 13 91 1000
CBIR 13 92 1000
CBIR 13 93 501
CBIR 13 94 1000
CBIR 13 95 1000
CBIR 13 96 1000
CBIR 13 97 220
CBIR 13 98 1000
CBIR 13 99 1000
UCB 13 0 597
UCB 13 1 1000
UCB 13 2 1000
UCB 13 3 1000
UCB 13 4 1000
UCB 13 5 1000
UCB 13 6 987
UCB 13 7 1000
UCB 13 8 1000
UCB 13 9 1000
UCB 13 10 1000
UCB 13 11 1000
UCB 13 12 1000
UCB 13 13 858
UCB 13 14 1000
UCB 13 15 588
UCB 13 16 1000
UCB 13 17 1000
UCB 13 18 1000
UCB 13 19 1000
UCB 13 20 1000
UCB 13 21 1000
UCB 13 22 930
UCB 13 23 1000
UCB 13 24 1000
UCB 13 25 1000
UCB 13 26 1000
UCB 13 27 1000
UCB 13 28 1000
UCB 13 29 1000
UCB 13 30 1000
UCB 13 31 727
UCB 13 32 1000
UCB 13 33 1000
UCB 13 34 1000
UCB 13 35 1000
UCB 13 36 348
UCB 13 37 1000
UCB 13 38 1000
UCB 13 39 1000
UCB 13 40 1000
UCB 13 41 465
UCB 13 42 1000
UCB 13 43 1000
UCB 13 44 476
UCB 13 45 1000
UCB 13 46 1000
UCB 13 47 1000
UCB 13 48 1000
UCB 13 49 953
UCB 13 50 1000
UCB 13 51 1000
UCB 13 52 1000
UCB 13 53 1000
UCB 13 54 1000
UCB 13 55 1000
UCB 13 56 911
UCB 13 57 230
UCB 13 58 547
UCB 13 59 1000
UCB 13 60 1000
UCB 13 61 1000
UCB 13 62 1000
UCB 13 63 1000
UCB 13 64 1000
UCB 13 65 1000
UCB 13 66 1000
UCB 13 67 1000
UCB 13 68 1000
UCB 13 69 1000
UCB 13 70 1000
UCB 13 71 1000
UCB 13 72 1000
UCB 13 73 435
UCB 13 74 1000
UCB 13 75 1000
UCB 13 76 1000
UCB 13 77 1000
UCB 13 78 1000
UCB 13 79 1000
UCB 13 80 1000
UCB 13 81 1000
UCB 13 82 1000
UCB 13 83 1000
UCB 13 84 1000
UCB 13 85 845
UCB 13 86 389
UCB 13 87 1000
UCB 13 88 1000
UCB 13 89 1000
UCB 13 90 1000
UCB 13 91 1000
UCB 13 92 1000
UCB 13 93 1000
UCB 13 94 1000
UCB 13 95 1000
UCB 13 96 1000
UCB 13 97 1000
UCB 13 98 1000
UCB 13 99 1000
CBIR 14 0 1000
CBIR 14 1 1000
CBIR 14 2 1000
CBIR 14 3 1000
CBIR 14 4 1000
CBIR 14 5 1000
CBIR 14 6 1000
CBIR 14 7 1000
CBIR 14 8 1000
CBIR 14 9 1000
CBIR 14 10 1000
CBIR 14 11 1000
CBIR 14 12 1000
CBIR 14 13 1000
CBIR 14 14 1000
CBIR 14 15 1000
CBIR 14 16 1000
CBIR 14 17 1000
CBIR 14 18 1000
CBIR 14 19 1000
CBIR 14 20 1000
CBIR 14 21 1000
CBIR 14 22 1000
CBIR 14 23 1000
CBIR 14 24 1000
CBIR 14 25 1000
CBIR 14 26 1000
CBIR 14 27 1000
CBIR 14 28 1000
CBIR 14 29 1000
CBIR 14 30 1000
CBIR 14 31 1000
CBIR 14 32 1000
CBIR 14 33 1000
CBIR 14 34 1000
CBIR 14 35 1000
CBIR 14 36 1000
CBIR 14 37 1000
CBIR 14 38 1000
CBIR 14 39 1000
CBIR 14 40 1000
CBIR 14 41 1000
CBIR 14 42 1000
CBIR 14 43 1000
CBIR 14 44 1000
CBIR 14 45 1000
CBIR 14 46 1000
CBIR 14 47 1000
CBIR 14 48 1000
CBIR 14 49 1000
CBIR 14 50 1000
CBIR 14 51 1000
CBIR 14 52 1000
CBIR 14 53 1000
CBIR 14 54 1000
CBIR 14 55 1000
CBIR 14 56 1000
CBIR 14 57 1000
CBIR 14 58 1000
CBIR 14 59 252
CBIR 14 60 343
CBIR 14 61 661
CBIR 14 62 1000
CBIR 14 63 1000
CBIR 14 64 1000
CBIR 14 65 1000
CBIR 14 66 719
CBIR 14 67 1000
CBIR 14 68 1000
CBIR 14 69 562
CBIR 14 70 373
CBIR 14 71 1000
CBIR 14 72 1000
CBIR 14 73 1000
CBIR 14 74 752
CBIR 14 75 379
CBIR 14 76 475
CBIR 14 77 523
CBIR 14 78 1000
CBIR 14 79 1000
CBIR 14 80 964
CBIR 14 81 988
CBIR 14 82 1000
CBIR 14 83 1000
CBIR 14 84 1000
CBIR 14 85 209
CBIR 14 86 384
CBIR 14 87 1000
CBIR 14 88 1000
CBIR 14 89 1000
CBIR 14 90 1000
CBIR 14 91 1000
CBIR 14 92 1000
CBIR 14 93 363
CBIR 14 94 160
CBIR 14 95 1000
CBIR 14 96 897
CBIR 14 97 1000
CBIR 14 98 1000
CBIR 14 99 1000
UCB 14 0 719
UCB 14 1 1000
UCB 14 2 808
UCB 14 3 255
UCB 14 4 250
UCB 14 5 85
UCB 14 6 433
UCB 14 7 69
UCB 14 8 1000
UCB 14 9 663
UCB 14 10 1000
UCB 14 11 270
UCB 14 12 1000
UCB 14 13 357
UCB 14 14 637
UCB 14 15 85
UCB 14 16 890
UCB 14 17 524
UCB 14 18 714
UCB 14 19 837
UCB 14 20 396
UCB 14 21 243
UCB 14 22 448
UCB 14 23 378
UCB 14 24 443
UCB 14 25 487
UCB 14 26 651
UCB 14 27 886
UCB 14 28 372
UCB 14 29 1000
UCB 14 30 748
UCB 14 31 449
UCB 14 32 1000
UCB 14 33 288
UCB 14 34 866
UCB 14 35 1000
UCB 14 36 784
UCB 14 37 1000
UCB 14 38 1000
UCB 14 39 1000
UCB 14 40 1000
UCB 14 41 1000
UCB 14 42 1000
UCB 14 43 1000
UCB 14 44 1000
UCB 14 45 1000
UCB 14 46 1000
UCB 14 47 1000
UCB 14 48 1000
UCB 14 49 1000
UCB 14 50 1000
UCB 14 51 1000
UCB 14 52 1000
UCB 14 53 1000
UCB 14 54 1000
UCB 14 55 1000
UCB 14 56 1000
UCB 14 57 1000
UCB 14 58 1000
UCB 14 59 1000
UCB 14 60 1000
UCB 14 61 1000
UCB 14 62 1000
UCB 14 63 1000
UCB 14 64 1000
UCB 14 65 1000
UCB 14 66 1000
UCB 14 67 1000
UCB 14 68 1000
UCB 14 69 1000
UCB 14 70 1000
UCB 14 71 1000
UCB 14 72 1000
UCB 14 73 1000
UCB 14 74 1000
UCB 14 75 1000
UCB 14 76 1000
UCB 14 77 1000
UCB 14 78 1000
UCB 14 79 1000
UCB 14 80 1000
UCB 14 81 1000
UCB 14 82 1000
UCB 14 83 1000
UCB 14 84 1000
UCB 14 85 1000
UCB 14 86 1000
UCB 14 87 1000
UCB 14 88 1000
UCB 14 89 1000
UCB 14 90 1000
UCB 14 91 1000
UCB 14 92 1000
UCB 14 93 1000
UCB 14 94 1000
UCB 14 95 1000
UCB 14 96 1000
UCB 14 97 1000
UCB 14 98 1000
UCB 14 99 1000
CBIR 15 0 1000
CBIR 15 1 782
CBIR 15 2 1000
CBIR 15 3 883
CBIR 15 4 1000
CBIR 15 5 1000
CBIR 15 6 293
CBIR 15 7 1000
CBIR 15 8 796
CBIR 15 9 1000
CBIR 15 10 1000
CBIR 15 11 830
CBIR 15 12 1000
CBIR 15 13 916
CBIR 15 14 1000
CBIR 15 15 1000
CBIR 15 16 1000
CBIR 15 17 1000
CBIR 15 18 1000
CBIR 15 19 1000
CBIR 15 20 601
CBIR 15 21 1000
CBIR 15 22 1000
CBIR 15 23 752
CBIR 15 24 1000
CBIR 15 25 1000
CBIR 15 26 211
CBIR 15 27 1000
CBIR 15 28 1000
CBIR 15 29 1000
CBIR 15 30 978
CBIR 15 31 1000
CBIR 15 32 1000
CBIR 15 33 1000
CBIR 15 34 1000
CBIR 15 35 1000
CBIR 15 36 1000
CBIR 15 37 1000
CBIR 15 38 1000
CBIR 15 39 1000
CBIR 15 40 1000
CBIR 15 41 1000
CBIR 15 42 1000
CBIR 15 43 1000
CBIR 15 44 1000
CBIR 15 45 1000
CBIR 15 46 1000
CBIR 15 47 126
CBIR 15 48 913
CBIR 15 49 1000
CBIR 15 50 1000
CBIR 15 51 1000
CBIR 15 52 1000
CBIR 15 53 1000
CBIR 15 54 1000
CBIR 15 55 1000
CBIR 15 56 1000
CBIR 15 57 608
CBIR 15 58 1000
CBIR 15 59 1000
CBIR 15 60 1000
CBIR 15 61 500
CBIR 15 62 1000
CBIR 15 63 1000
CBIR 15 64 881
CBIR 15 65 1000
CBIR 15 66 151
CBIR 15 67 1000
CBIR 15 68 1000
CBIR 15 69 1000
CBIR 15 70 1000
CBIR 15 71 1000
CBIR 15 72 1000
CBIR 15 73 1000
CBIR 15 74 1000
CBIR 15 75 1000
CBIR 15 76 1000
CBIR 15 77 1000
CBIR 15 78 1000
CBIR 15 79 1000
CBIR 15 80 1000
CBIR 15 81 1000
CBIR 15 82 1000
CBIR 15 83 506
CBIR 15 84 1000
CBIR 15 85 1000
CBIR 15 86 1000
CBIR 15 87 1000
CBIR 15 88 1000
CBIR 15 89 1000
CBIR 15 90 1000
CBIR 15 91 503
CBIR 15 92 1000
CBIR 15 93 965
CBIR 15 94 1000
CBIR 15 95 1000
CBIR 15 96 1000
CBIR 15 97 1000
CBIR 15 98 1000
CBIR 15 99 1000
UCB 15 0 30
UCB 15 1 1000
UCB 15 2 61
UCB 15 3 108
UCB 15 4 638
UCB 15 5 584
UCB 15 6 302
UCB 15 7 160
UCB 15 8 619
UCB 15 9 605
UCB 15 10 754
UCB 15 11 1000
UCB 15 12 550
UCB 15 13 780
UCB 15 14 561
UCB 15 15 589
UCB 15 16 210
UCB 15 17 937
UCB 15 18 100
UCB 15 19 788
UCB 15 20 1000
UCB 15 21 263
UCB 15 22 1000
UCB 15 23 1000
UCB 15 24 1000
UCB 15 25 1000
UCB 15 26 1000
UCB 15 27 1000
UCB 15 28 1000
UCB 15 29 1000
UCB 15 30 1000
UCB 15 31 1000
UCB 15 32 1000
UCB 15 33 1000
UCB 15 34 1000
UCB 15 35 161
UCB 15 36 1000
UCB 15 37 1000
UCB 15 38 1000
UCB 15 39 1000
UCB 15 40 1000
UCB 15 41 434
UCB 15 42 1000
UCB 15 43 922
UCB 15 44 1000
UCB 15 45 1000
UCB 15 46 1000
UCB 15 47 1000
UCB 15 48 1000
UCB 15 49 1000
UCB 15 50 1000
UCB 15 51 1000
UCB 15 52 1000
UCB 15 53 1000
UCB 15 54 1000
UCB 15 55 1000
UCB 15 56 1000
UCB 15 57 1000
UCB 15 58 1000
UCB 15 59 1000
UCB 15 60 1000
UCB 15 61 1000
UCB 15 62 1000
UCB 15 63 1000
UCB 15 64 1000
UCB 15 65 1000
UCB 15 66 1000
UCB 15 67 1000
UCB 15 68 1000
UCB 15 69 1000
UCB 15 70 1000
UCB 15 71 1000
UCB 15 72 1000
UCB 15 73 1000
UCB 15 74 1000
UCB 15 75 1000
UCB 15 76 1000
UCB 15 77 1000
UCB 15 78 1000
UCB 15 79 1000
UCB 15 80 1000
UCB 15 81 1000
UCB 15 82 1000
UCB 15 83 1000
UCB 15 84 1000
UCB 15 85 1000
UCB 15 86 1000
UCB 15 87 1000
UCB 15 88 1000
UCB 15 89 1000
UCB 15 90 1000
UCB 15 91 1000
UCB 15 92 1000
UCB 15 93 1000
UCB 15 94 1000
UCB 15 95 1000
UCB 15 96 1000
UCB 15 97 1000
UCB 15 98 1000
UCB 15 99 1000
CBIR 16 0 1000
CBIR 16 1 1000
CBIR 16 2 1000
CBIR 16 3 1000
CBIR 16 4 1000
CBIR 16 5 1000
CBIR 16 6 1000
CBIR 16 7 1000
CBIR 16 8 1000
CBIR 16 9 1000
CBIR 16 10 1000
CBIR 16 11 1000
CBIR 16 12 1000
CBIR 16 13 1000
CBIR 16 14 1000
CBIR 16 15 1000
CBIR 16 16 1000
CBIR 16 17 1000
CBIR 16 18 1000
CBIR 16 19 1000
CBIR 16 20 1000
CBIR 16 21 1000
CBIR 16 22 1000
CBIR 16 23 1000
CBIR 16 24 1000
CBIR 16 25 1000
CBIR 16 26 1000
CBIR 16 27 1000
CBIR 16 28 1000
CBIR 16 29 1000
CBIR 16 30 1000
CBIR 16 31 1000
CBIR 16 32 1000
CBIR 16 33 1000
CBIR 16 34 1000
CBIR 16 35 1000
CBIR 16 36 1000
CBIR 16 37 1000
CBIR 16 38 1000
CBIR 16 39 1000
CBIR 16 40 1000
CBIR 16 41 1000
CBIR 16 42 1000
CBIR 16 43 1000
CBIR 16 44 1000
CBIR 16 45 1000
CBIR 16 46 1000
CBIR 16 47 1000
CBIR 16 48 1000
CBIR 16 49 1000
CBIR 16 50 1000
CBIR 16 51 1000
CBIR 16 52 1000
CBIR 16 53 1000
CBIR 16 54 1000
CBIR 16 55 1000
CBIR 16 56 1000
CBIR 16 57 1000
CBIR 16 58 1000
CBIR 16 59 1000
CBIR 16 60 1000
CBIR 16 61 1000
CBIR 16 62 1000
CBIR 16 63 1000
CBIR 16 64 1000
CBIR 16 65 1000
CBIR 16 66 1000
CBIR 16 67 1000
CBIR 16 68 1000
CBIR 16 69 1000
CBIR 16 70 1000
CBIR 16 71 1000
CBIR 16 72 1000
CBIR 16 73 1000
CBIR 16 74 1000
CBIR 16 75 1000
CBIR 16 76 1000
CBIR 16 77 1000
CBIR 16 78 1000
CBIR 16 79 1000
CBIR 16 80 1000
CBIR 16 81 1000
CBIR 16 82 1000
CBIR 16 83 1000
CBIR 16 84 1000
CBIR 16 85 1000
CBIR 16 86 1000
CBIR 16 87 141
CBIR 16 88 861
CBIR 16 89 1000
CBIR 16 90 750
CBIR 16 91 1000
CBIR 16 92 496
CBIR 16 93 1000
CBIR 16 94 740
CBIR 16 95 613
CBIR 16 96 1000
CBIR 16 97 1000
CBIR 16 98 1000
CBIR 16 99 1000
UCB 16 0 469
UCB 16 1 1000
UCB 16 2 465
UCB 16 3 1000
UCB 16 4 79
UCB 16 5 491
UCB 16 6 513
UCB 16 7 58
UCB 16 8 255
UCB 16 9 141
UCB 16 10 1000
UCB 16 11 50
UCB 16 12 509
UCB 16 13 1000
UCB 16 14 466
UCB 16 15 1000
UCB 16 16 675
UCB 16 17 144
UCB 16 18 154
UCB 16 19 96
UCB 16 20 724
UCB 16 21 883
UCB 16 22 54
UCB 16 23 1000
UCB 16 24 312
UCB 16 25 813
UCB 16 26 1000
UCB 16 27 632
UCB 16 28 1000
UCB 16 29 1000
UCB 16 30 1000
UCB 16 31 336
UCB 16 32 1000
UCB 16 33 108
UCB 16 34 1000
UCB 16 35 542
UCB 16 36 1000
UCB 16 37 1000
UCB 16 38 1000
UCB 16 39 1000
UCB 16 40 1000
UCB 16 41 1000
UCB 16 42 1000
UCB 16 43 1000
UCB 16 44 1000
UCB 16 45 1000
UCB 16 46 1000
UCB 16 47 1000
UCB 16 48 1000
UCB 16 49 1000
UCB 16 50 1000
UCB 16 51 1000
UCB 16 52 248
UCB 16 53 1000
UCB 16 54 1000
UCB 16 55 1000
UCB 16 56 1000
UCB 16 57 1000
UCB 16 58 1000
UCB 16 59 1000
UCB 16 60 1000
UCB 16 61 1000
UCB 16 62 1000
UCB 16 63 1000
UCB 16 64 1000
UCB 16 65 1000
UCB 16 66 836
UCB 16 67 1000
UCB 16 68 1000
UCB 16 69 1000
UCB 16 70 1000
UCB 16 71 1000
UCB 16 72 1000
UCB 16 73 1000
UCB 16 74 1000
UCB 16 75 1000
UCB 16 76 1000
UCB 16 77 1000
UCB 16 78 1000
UCB 16 79 1000
UCB 16 80 1000
UCB 16 81 1000
UCB 16 82 1000
UCB 16 83 1000
UCB 16 84 1000
UCB 16 85 1000
UCB 16 86 1000
UCB 16 87 1000
UCB 16 88 1000
UCB 16 89 1000
UCB 16 90 1000
UCB 16 91 1000
UCB 16 92 1000
UCB 16 93 1000
UCB 16 94 1000
UCB 16 95 1000
UCB 16 96 1000
UCB 16 97 1000
UCB 16 98 1000
UCB 16 99 1000
CBIR 17 0 1000
CBIR 17 1 1000
CBIR 17 2 1000
CBIR 17 3 1000
CBIR 17 4 1000
CBIR 17 5 1000
CBIR 17 6 1000
CBIR 17 7 1000
CBIR 17 8 1000
CBIR 17 9 1000
CBIR 17 10 1000
CBIR 17 11 1000
CBIR 17 12 1000
CBIR 17 13 1000
CBIR 17 14 1000
CBIR 17 15 1000
CBIR 17 16 1000
CBIR 17 17 1000
CBIR 17 18 1000
CBIR 17 19 1000
CBIR 17 20 1000
CBIR 17 21 1000
CBIR 17 22 1000
CBIR 17 23 1000
CBIR 17 24 1000
CBIR 17 25 1000
CBIR 17 26 1000
CBIR 17 27 1000
CBIR 17 28 1000
CBIR 17 29 1000
CBIR 17 30 1000
CBIR 17 31 1000
CBIR 17 32 1000
CBIR 17 33 1000
CBIR 17 34 1000
CBIR 17 35 1000
CBIR 17 36 1000
CBIR 17 37 1000
CBIR 17 38 1000
CBIR 17 39 1000
CBIR 17 40 1000
CBIR 17 41 1000
CBIR 17 42 1000
CBIR 17 43 1000
CBIR 17 44 1000
CBIR 17 45 1000
CBIR 17 46 1000
CBIR 17 47 1000
CBIR 17 48 1000
CBIR 17 49 1000
CBIR 17 50 1000
CBIR 17 51 1000
CBIR 17 52 1000
CBIR 17 53 1000
CBIR 17 54 1000
CBIR 17 55 1000
CBIR 17 56 1000
CBIR 17 57 1000
CBIR 17 58 1000
CBIR 17 59 1000
CBIR 17 60 1000
CBIR 17 61 1000
CBIR 17 62 1000
CBIR 17 63 1000
CBIR 17 64 1000
CBIR 17 65 1000
CBIR 17 66 1000
CBIR 17 67 1000
CBIR 17 68 1000
CBIR 17 69 1000
CBIR 17 70 1000
CBIR 17 71 1000
CBIR 17 72 1000
CBIR 17 73 1000
CBIR 17 74 1000
CBIR 17 75 1000
CBIR 17 76 1000
CBIR 17 77 1000
CBIR 17 78 1000
CBIR 17 79 1000
CBIR 17 80 1000
CBIR 17 81 1000
CBIR 17 82 1000
CBIR 17 83 1000
CBIR 17 84 1000
CBIR 17 85 1000
CBIR 17 86 1000
CBIR 17 87 1000
CBIR 17 88 1000
CBIR 17 89 1000
CBIR 17 90 1000
CBIR 17 91 1000
CBIR 17 92 1000
CBIR 17 93 1000
CBIR 17 94 1000
CBIR 17 95 1000
CBIR 17 96 1000
CBIR 17 97 1000
CBIR 17 98 1000
CBIR 17 99 1000
UCB 17 0 1000
UCB 17 1 779
UCB 17 2 640
UCB 17 3 736
UCB 17 4 47
UCB 17 5 92
UCB 17 6 58
UCB 17 7 662
UCB 17 8 204
UCB 17 9 815
UCB 17 10 1000
UCB 17 11 304
UCB 17 12 189
UCB 17 13 452
UCB 17 14 191
UCB 17 15 1000
UCB 17 16 429
UCB 17 17 205
UCB 17 18 1000
UCB 17 19 746
UCB 17 20 1000
UCB 17 21 654
UCB 17 22 1000
UCB 17 23 577
UCB 17 24 708
UCB 17 25 466
UCB 17 26 1000
UCB 17 27 1000
UCB 17 28 1000
UCB 17 29 1000
UCB 17 30 1000
UCB 17 31 1000
UCB 17 32 1000
UCB 17 33 1000
UCB 17 34 1000
UCB 17 35 1000
UCB 17 36 1000
UCB 17 37 1000
UCB 17 38 1000
UCB 17 39 1000
UCB 17 40 1000
UCB 17 41 1000
UCB 17 42 544
UCB 17 43 1000
UCB 17 44 1000
UCB 17 45 1000
UCB 17 46 1000
UCB 17 47 1000
UCB 17 48 1000
UCB 17 49 1000
UCB 17 50 1000
UCB 17 51 1000
UCB 17 52 1000
UCB 17 53 1000
UCB 17 54 1000
UCB 17 55 1000
UCB 17 56 1000
UCB 17 57 1000
UCB 17 58 1000
UCB 17 59 1000
UCB 17 60 1000
UCB 17 61 1000
UCB 17 62 1000
UCB 17 63 1000
UCB 17 64 1000
UCB 17 65 1000
UCB 17 66 1000
UCB 17 67 1000
UCB 17 68 1000
UCB 17 69 1000
UCB 17 70 1000
UCB 17 71 1000
UCB 17 72 1000
UCB 17 73 1000
UCB 17 74 1000
UCB 17 75 1000
UCB 17 76 1000
UCB 17 77 1000
UCB 17 78 1000
UCB 17 79 1000
UCB 17 80 1000
UCB 17 81 1000
UCB 17 82 1000
UCB 17 83 1000
UCB 17 84 1000
UCB 17 85 1000
UCB 17 86 1000
UCB 17 87 1000
UCB 17 88 1000
UCB 17 89 1000
UCB 17 90 1000
UCB 17 91 1000
UCB 17 92 1000
UCB 17 93 1000
UCB 17 94 1000
UCB 17 95 1000
UCB 17 96 1000
UCB 17 97 1000
UCB 17 98 1000
UCB 17 99 1000
CBIR 18 0 1000
CBIR 18 1 1000
CBIR 18 2 1000
CBIR 18 3 1000
CBIR 18 4 1000
CBIR 18 5 1000
CBIR 18 6 1000
CBIR 18 7 1000
CBIR 18 8 1000
CBIR 18 9 1000
CBIR 18 10 471
CBIR 18 11 528
CBIR 18 12 886
CBIR 18 13 626
CBIR 18 14 1000
CBIR 18 15 1000
CBIR 18 16 1000
CBIR 18 17 1000
CBIR 18 18 1000
CBIR 18 19 1000
CBIR 18 20 1000
CBIR 18 21 41
CBIR 18 22 1000
CBIR 18 23 1000
CBIR 18 24 1000
CBIR 18 25 944
CBIR 18 26 1000
CBIR 18 27 1000
CBIR 18 28 931
CBIR 18 29 627
CBIR 18 30 494
CBIR 18 31 1000
CBIR 18 32 568
CBIR 18 33 408
CBIR 18 34 192
CBIR 18 35 386
CBIR 18 36 1000
CBIR 18 37 1000
CBIR 18 38 1000
CBIR 18 39 95
CBIR 18 40 81
CBIR 18 41 1000
CBIR 18 42 365
CBIR 18 43 959
CBIR 18 44 381
CBIR 18 45 1000
CBIR 18 46 1000
CBIR 18 47 514
CBIR 18 48 1000
CBIR 18 49 1000
CBIR 18 50 1000
CBIR 18 51 1000
CBIR 18 52 1000
CBIR 18 53 627
CBIR 18 54 126
CBIR 18 55 740
CBIR 18 56 174
CBIR 18 57 1000
CBIR 18 58 884
CBIR 18 59 260
CBIR 18 60 703
CBIR 18 61 273
CBIR 18 62 1000
CBIR 18 63 1000
CBIR 18 64 1000
CBIR 18 65 1000
CBIR 18 66 1000
CBIR 18 67 311
CBIR 18 68 1000
CBIR 18 69 532
CBIR 18 70 84
CBIR 18 71 309
CBIR 18 72 454
CBIR 18 73 1000
CBIR 18 74 593
CBIR 18 75 302
CBIR 18 76 1000
CBIR 18 77 656
CBIR 18 78 1000
CBIR 18 79 1000
CBIR 18 80 952
CBIR 18 81 1000
CBIR 18 82 1000
CBIR 18 83 1000
CBIR 18 84 1000
CBIR 18 85 1000
CBIR 18 86 1000
CBIR 18 87 1000
CBIR 18 88 1000
CBIR 18 89 895
CBIR 18 90 477
CBIR 18 91 1000
CBIR 18 92 1000
CBIR 18 93 615
CBIR 18 94 1000
CBIR 18 95 1000
CBIR 18 96 1000
CBIR 18 97 1000
CBIR 18 98 1000
CBIR 18 99 1000
UCB 18 0 1000
UCB 18 1 329
UCB 18 2 284
UCB 18 3 134
UCB 18 4 197
UCB 18 5 71
UCB 18 6 529
UCB 18 7 33
UCB 18 8 510
UCB 18 9 973
UCB 18 10 297
UCB 18 11 170
UCB 18 12 54
UCB 18 13 990
UCB 18 14 98
UCB 18 15 324
UCB 18 16 809
UCB 18 17 212
UCB 18 18 168
UCB 18 19 814
UCB 18 20 562
UCB 18 21 1000
UCB 18 22 426
UCB 18 23 445
UCB 18 24 1000
UCB 18 25 143
UCB 18 26 1000
UCB 18 27 655
UCB 18 28 726
UCB 18 29 501
UCB 18 30 1000
UCB 18 31 1000
UCB 18 32 769
UCB 18 33 1000
UCB 18 34 1000
UCB 18 35 187
UCB 18 36 63
UCB 18 37 401
UCB 18 38 671
UCB 18 39 408
UCB 18 40 1000
UCB 18 41 936
UCB 18 42 1000
UCB 18 43 1000
UCB 18 44 1000
UCB 18 45 1000
UCB 18 46 1000
UCB 18 47 1000
UCB 18 48 1000
UCB 18 49 1000
UCB 18 50 1000
UCB 18 51 1000
UCB 18 52 1000
UCB 18 53 1000
UCB 18 54 1000
UCB 18 55 94
UCB 18 56 1000
UCB 18 57 1000
UCB 18 58 1000
UCB 18 59 1000
UCB 18 60 1000
UCB 18 61 537
UCB 18 62 1000
UCB 18 63 1000
UCB 18 64 1000
UCB 18 65 1000
UCB 18 66 1000
UCB 18 67 1000
UCB 18 68 1000
UCB 18 69 1000
UCB 18 70 1000
UCB 18 71 1000
UCB 18 72 1000
UCB 18 73 1000
UCB 18 74 1000
UCB 18 75 1000
UCB 18 76 1000
UCB 18 77 1000
UCB 18 78 1000
UCB 18 79 1000
UCB 18 80 1000
UCB 18 81 1000
UCB 18 82 1000
UCB 18 83 1000
UCB 18 84 1000
UCB 18 85 1000
UCB 18 86 1000
UCB 18 87 867
UCB 18 88 1000
UCB 18 89 1000
UCB 18 90 1000
UCB 18 91 1000
UCB 18 92 1000
UCB 18 93 1000
UCB 18 94 1000
UCB 18 95 1000
UCB 18 96 1000
UCB 18 97 1000
UCB 18 98 1000
UCB 18 99 1000
CBIR 19 0 1000
CBIR 19 1 1000
CBIR 19 2 1000
CBIR 19 3 1000
CBIR 19 4 1000
CBIR 19 5 1000
CBIR 19 6 1000
CBIR 19 7 1000
CBIR 19 8 1000
CBIR 19 9 1000
CBIR 19 10 1000
CBIR 19 11 1000
CBIR 19 12 1000
CBIR 19 13 1000
CBIR 19 14 1000
CBIR 19 15 1000
CBIR 19 16 1000
CBIR 19 17 1000
CBIR 19 18 1000
CBIR 19 19 1000
CBIR 19 20 1000
CBIR 19 21 1000
CBIR 19 22 1000
CBIR 19 23 1000
CBIR 19 24 1000
CBIR 19 25 1000
CBIR 19 26 1000
CBIR 19 27 1000
CBIR 19 28 1000
CBIR 19 29 1000
CBIR 19 30 1000
CBIR 19 31 1000
CBIR 19 32 626
CBIR 19 33 932
CBIR 19 34 1000
CBIR 19 35 1000
CBIR 19 36 1000
CBIR 19 37 832
CBIR 19 38 404
CBIR 19 39 745
CBIR 19 40 171
CBIR 19 41 292
CBIR 19 42 384
CBIR 19 43 122
CBIR 19 44 896
CBIR 19 45 1000
CBIR 19 46 835
CBIR 19 47 1000
CBIR 19 48 1000
CBIR 19 49 375
CBIR 19 50 1000
CBIR 19 51 1000
CBIR 19 52 1000
CBIR 19 53 509
CBIR 19 54 1000
CBIR 19 55 1000
CBIR 19 56 485
CBIR 19 57 1000
CBIR 19 58 1000
CBIR 19 59 889
CBIR 19 60 1000
CBIR 19 61 1000
CBIR 19 62 1000
CBIR 19 63 1000
CBIR 19 64 617
CBIR 19 65 641
CBIR 19 66 1000
CBIR 19 67 378
CBIR 19 68 1000
CBIR 19 69 349
CBIR 19 70 1000
CBIR 19 71 1000
CBIR 19 72 1000
CBIR 19 73 1000
CBIR 19 74 1000
CBIR 19 75 1000
CBIR 19 76 1000
CBIR 19 77 1000
CBIR 19 78 1000
CBIR 19 79 1000
CBIR 19 80 1000
CBIR 19 81 1000
CBIR 19 82 1000
CBIR 19 83 1000
CBIR 19 84 1000
CBIR 19 85 1000
CBIR 19 86 1000
CBIR 19 87 1000
CBIR 19 88 1000
CBIR 19 89 1000
CBIR 19 90 524
CBIR 19 91 584
CBIR 19 92 1000
CBIR 19 93 674
CBIR 19 94 775
CBIR 19 95 1000
CBIR 19 96 1000
CBIR 19 97 1000
CBIR 19 98 1000
CBIR 19 99 1000
UCB 19 0 1000
UCB 19 1 1000
UCB 19 2 1000
UCB 19 3 1000
UCB 19 4 1000
UCB 19 5 531
UCB 19 6 697
UCB 19 7 286
UCB 19 8 1000
UCB 19 9 94
UCB 19 10 344
UCB 19 11 1000
UCB 19 12 1000
UCB 19 13 1000
UCB 19 14 604
UCB 19 15 183
UCB 19 16 764
UCB 19 17 192
UCB 19 18 195
UCB 19 19 77
UCB 19 20 164
UCB 19 21 383
UCB 19 22 1000
UCB 19 23 1000
UCB 19 24 686
UCB 19 25 810
UCB 19 26 512
UCB 19 27 1000
UCB 19 28 1000
UCB 19 29 473
UCB 19 30 1000
UCB 19 31 1000
UCB 19 32 511
UCB 19 33 761
UCB 19 34 410
UCB 19 35 215
UCB 19 36 1000
UCB 19 37 1000
UCB 19 38 1000
UCB 19 39 1000
UCB 19 40 1000
UCB 19 41 1000
UCB 19 42 1000
UCB 19 43 1000
UCB 19 44 1000
UCB 19 45 1000
UCB 19 46 1000
UCB 19 47 1000
UCB 19 48 1000
UCB 19 49 1000
UCB 19 50 1000
UCB 19 51 1000
UCB 19 52 1000
UCB 19 53 1000
UCB 19 54 1000
UCB 19 55 1000
UCB 19 56 1000
UCB 19 57 1000
UCB 19 58 1000
UCB 19 59 1000
UCB 19 60 1000
UCB 19 61 1000
UCB 19 62 1000
UCB 19 63 169
UCB 19 64 1000
UCB 19 65 543
UCB 19 66 1000
UCB 19 67 1000
UCB 19 68 522
UCB 19 69 1000
UCB 19 70 1000
UCB 19 71 856
UCB 19 72 726
UCB 19 73 1000
UCB 19 74 826
UCB 19 75 1000
UCB 19 76 1000
UCB 19 77 1000
UCB 19 78 1000
UCB 19 79 1000
UCB 19 80 1000
UCB 19 81 1000
UCB 19 82 1000
UCB 19 83 1000
UCB 19 84 1000
UCB 19 85 1000
UCB 19 86 1000
UCB 19 87 841
UCB 19 88 990
UCB 19 89 1000
UCB 19 90 1000
UCB 19 91 1000
UCB 19 92 1000
UCB 19 93 1000
UCB 19 94 1000
UCB 19 95 297
UCB 19 96 1000
UCB 19 97 1000
UCB 19 98 1000
UCB 19 99 1000
